idx,Rental bikes count
0,545.95
1,6.365
2,146.1
3,456.5
4,3.77
5,341.89
6,207.8
7,77.17
8,294.25
9,54.05
10,9.54
11,6.23
12,146.47
13,285.76
14,90.37
15,194.42
16,28.23
17,252.92
18,29.38
19,365.25
20,223.4
21,219.55
22,112.67
23,86.52
24,190.69
25,358.82
26,392.97
27,84.67
28,859.88
29,305.9
30,123.29
31,121.25
32,553.03
33,473.77
34,424.27
35,226.1
36,233.13
37,68.12
38,220.1
39,184.12
40,37.59
41,249.91
42,6.51
43,84.87
44,6.07
45,97.02
46,142.04
47,119.32
48,422.9
49,35.88
50,122.06
51,267.41
52,243.36
53,69.83
54,128.38
55,192.86
56,19.28
57,440.95
58,2.28
59,88.59
60,145.87
61,168.46
62,200.37
63,36.18
64,609.02
65,372.41
66,30.02
67,153.94
68,25.9
69,318.11
70,170.59
71,206.25
72,501.25
73,230.33
74,53.91
75,208.16
76,124.69
77,140.67
78,39.89
79,237.94
80,7.41
81,10.77
82,127.11
83,718.07
84,219.74
85,322.93
86,256.97
87,612.66
88,5.53
89,439.46
90,198.57
91,282.85
92,5.21
93,566.44
94,289.18
95,6.86
96,207.02
97,7.66
98,43.15
99,29.65
100,428.59
101,367.61
102,289.79
103,8.83
104,10.7
105,182.32
106,168.41
107,11.62
108,324.13
109,5.21
110,30.29
111,577.27
112,159.11
113,175.36
114,133.31
115,360.24
116,23.54
117,370.22
118,14.4
119,474.67
120,139.2
121,19.25
122,276.19
123,454.43
124,41.84
125,262.75
126,296.82
127,134.61
128,44.91
129,163.0
130,17.97
131,76.99
132,196.88
133,194.74
134,117.08
135,71.79
136,271.17
137,6.91
138,11.6
139,109.35
140,131.36
141,695.54
142,35.66
143,535.06
144,73.76
145,217.38
146,61.03
147,200.15
148,26.13
149,79.55
150,6.61
151,328.58
152,3.55
153,430.56
154,218.12
155,264.78
156,262.13
157,142.57
158,410.79
159,62.74
160,158.62
161,5.47
162,250.41
163,77.37
164,417.61
165,788.28
166,45.16
167,51.61
168,515.74
169,331.41
170,225.8
171,663.08
172,97.79
173,426.65
174,4.49
175,279.68
176,36.33
177,127.17
178,187.65
179,462.48
180,114.93
181,239.57
182,13.77
183,10.99
184,176.32
185,84.07
186,212.43
187,159.18
188,200.32
189,99.55
190,466.84
191,15.3
192,206.63
193,48.73
194,171.01
195,134.16
196,3.09
197,36.46
198,310.77
199,428.1
200,108.47
201,146.72
202,518.99
203,9.67
204,4.08
205,274.78
206,131.63
207,91.89
208,141.57
209,247.01
210,122.36
211,41.97
212,81.06
213,180.5
214,132.83
215,144.12
216,99.53
217,107.86
218,320.54
219,169.76
220,147.86
221,137.04
222,27.54
223,194.65
224,165.7
225,216.42
226,170.9
227,261.87
228,24.98
229,108.17
230,25.17
231,7.81
232,273.6
233,74.8
234,659.87
235,143.65
236,20.3
237,346.84
238,129.01
239,342.44
240,58.11
241,190.17
242,163.86
243,380.48
244,241.52
245,79.44
246,377.44
247,145.13
248,10.38
249,234.43
250,129.23
251,146.34
252,413.6
253,360.24
254,6.11
255,20.43
256,149.34
257,193.84
258,284.14
259,86.41
260,12.18
261,344.46
262,5.79
263,10.42
264,75.8
265,130.09
266,277.03
267,194.04
268,82.54
269,68.65
270,382.86
271,199.03
272,184.96
273,164.14
274,22.66
275,300.71
276,417.37
277,4.78
278,5.98
279,40.61
280,14.26
281,109.2
282,130.07
283,397.57
284,363.27
285,239.51
286,334.92
287,43.39
288,190.26
289,188.59
290,236.16
291,4.75
292,144.66
293,157.9
294,3.11
295,63.33
296,1.38
297,107.34
298,216.1
299,82.65
300,104.86
301,80.21
302,448.81
303,20.73
304,5.48
305,4.55
306,582.34
307,8.74
308,29.66
309,38.98
310,458.57
311,90.62
312,188.01
313,6.6
314,350.49
315,12.0
316,416.43
317,317.44
318,307.35
319,142.9
320,332.53
321,528.58
322,129.2
323,20.04
324,12.66
325,84.28
326,1.73
327,134.44
328,179.23
329,38.2
330,346.49
331,536.58
332,86.04
333,2.87
334,267.26
335,3.59
336,3.72
337,689.65
338,338.09
339,548.27
340,310.84
341,393.88
342,102.66
343,157.66
344,162.33
345,311.51
346,157.75
347,16.36
348,9.35
349,73.09
350,72.31
351,11.79
352,25.53
353,195.85
354,365.58
355,13.8
356,87.77
357,160.68
358,26.04
359,341.36
360,8.93
361,278.26
362,60.36
363,510.0
364,63.52
365,27.33
366,45.27
367,110.77
368,407.76
369,304.09
370,290.45
371,3.71
372,157.67
373,928.65
374,164.23
375,273.25
376,28.75
377,17.53
378,370.38
379,576.5
380,5.48
381,7.88
382,159.72
383,30.15
384,308.34
385,7.93
386,546.24
387,140.32
388,318.6
389,54.41
390,142.5
391,11.56
392,170.09
393,175.15
394,6.76
395,335.24
396,23.76
397,245.43
398,249.32
399,182.21
400,120.3
401,332.1
402,75.38
403,179.53
404,40.96
405,213.48
406,176.78
407,158.16
408,176.24
409,14.44
410,622.03
411,102.77
412,71.86
413,440.46
414,92.94
415,145.13
416,167.74
417,29.18
418,166.31
419,7.61
420,5.88
421,204.39
422,315.1
423,31.3
424,19.12
425,219.73
426,51.17
427,57.92
428,193.09
429,97.94
430,118.06
431,85.16
432,154.91
433,297.56
434,58.24
435,360.97
436,221.43
437,390.65
438,75.57
439,44.72
440,339.91
441,534.28
442,184.31
443,228.57
444,68.84
445,118.01
446,32.17
447,134.72
448,251.34
449,6.14
450,103.23
451,298.31
452,473.75
453,288.68
454,262.63
455,93.47
456,53.52
457,15.48
458,662.65
459,241.11
460,73.09
461,281.06
462,509.92
463,157.67
464,96.16
465,115.26
466,188.4
467,286.43
468,579.89
469,305.42
470,3.94
471,172.92
472,14.61
473,50.29
474,186.29
475,34.06
476,74.91
477,268.15
478,212.77
479,148.49
480,314.28
481,5.36
482,6.0
483,38.36
484,258.19
485,75.66
486,298.71
487,88.77
488,5.34
489,5.94
490,205.68
491,12.71
492,184.31
493,253.68
494,283.13
495,199.41
496,339.16
497,34.84
498,6.57
499,175.78
500,147.88
501,220.58
502,255.92
503,37.23
504,9.11
505,10.77
506,377.51
507,71.29
508,236.04
509,86.67
510,168.53
511,40.69
512,398.09
513,400.02
514,106.61
515,231.28
516,692.3
517,801.86
518,341.34
519,91.22
520,35.3
521,313.02
522,118.99
523,162.82
524,141.98
525,206.42
526,6.77
527,352.26
528,204.26
529,179.05
530,129.93
531,125.36
532,30.26
533,183.36
534,109.35
535,5.1
536,5.52
537,179.93
538,271.66
539,227.66
540,216.26
541,5.36
542,408.29
543,177.4
544,449.83
545,76.34
546,14.01
547,5.74
548,213.28
549,23.97
550,348.22
551,104.04
552,183.05
553,358.56
554,174.88
555,176.93
556,145.86
557,391.51
558,269.18
559,434.36
560,189.12
561,94.99
562,91.84
563,15.45
564,61.06
565,257.09
566,69.96
567,339.16
568,151.04
569,345.59
570,194.27
571,35.31
572,106.44
573,90.09
574,71.85
575,3.34
576,538.94
577,115.21
578,536.04
579,685.83
580,277.17
581,119.28
582,202.38
583,59.98
584,290.97
585,139.55
586,287.1
587,262.62
588,310.82
589,26.4
590,116.47
591,25.59
592,354.45
593,351.72
594,117.76
595,530.48
596,9.23
597,184.17
598,13.51
599,108.56
600,11.45
601,24.7
602,74.45
603,576.33
604,384.57
605,73.29
606,239.29
607,354.54
608,504.07
609,410.23
610,6.52
611,76.51
612,21.38
613,107.85
614,6.54
615,5.41
616,216.7
617,304.16
618,14.12
619,291.92
620,20.78
621,147.14
622,102.56
623,617.91
624,144.8
625,34.01
626,208.99
627,410.84
628,47.66
629,71.25
630,442.84
631,634.07
632,412.58
633,461.01
634,375.43
635,261.0
636,179.54
637,62.97
638,23.32
639,124.09
640,145.58
641,10.39
642,38.39
643,164.99
644,68.56
645,130.62
646,424.29
647,48.28
648,9.65
649,88.38
650,66.83
651,75.6
652,486.28
653,198.84
654,25.82
655,360.31
656,215.35
657,30.02
658,21.34
659,105.6
660,113.91
661,140.58
662,242.76
663,282.61
664,182.73
665,10.68
666,90.58
667,3.47
668,186.39
669,407.44
670,260.75
671,98.76
672,381.17
673,131.33
674,15.07
675,440.81
676,351.16
677,217.62
678,23.07
679,75.51
680,101.28
681,216.77
682,526.25
683,558.15
684,177.02
685,119.3
686,321.36
687,205.55
688,88.61
689,147.05
690,477.38
691,154.67
692,364.35
693,158.18
694,137.37
695,330.91
696,268.59
697,11.28
698,505.94
699,4.05
700,52.58
701,180.65
702,7.07
703,135.7
704,190.74
705,20.13
706,396.64
707,180.59
708,52.14
709,24.78
710,490.07
711,361.82
712,188.06
713,26.61
714,337.86
715,269.07
716,357.99
717,294.99
718,80.64
719,402.16
720,287.98
721,17.38
722,198.42
723,400.59
724,59.63
725,239.09
726,6.24
727,220.35
728,222.61
729,759.79
730,262.78
731,26.58
732,286.52
733,307.37
734,345.31
735,9.4
736,136.3
737,218.85
738,138.16
739,501.55
740,253.96
741,500.81
742,224.57
743,156.12
744,22.5
745,62.18
746,263.96
747,7.52
748,148.76
749,37.06
750,374.64
751,258.07
752,293.3
753,201.21
754,31.84
755,450.24
756,572.11
757,169.0
758,220.13
759,226.07
760,191.99
761,302.28
762,258.13
763,6.58
764,83.47
765,89.03
766,250.62
767,173.22
768,439.29
769,212.71
770,521.37
771,496.88
772,40.02
773,139.3
774,545.98
775,187.28
776,128.39
777,14.84
778,178.42
779,319.75
780,379.27
781,313.76
782,113.43
783,151.44
784,69.57
785,5.38
786,105.07
787,4.59
788,272.49
789,572.76
790,87.43
791,4.5183333333333335
792,18.17
793,84.57
794,267.16
795,64.46
796,28.65
797,513.93
798,155.21
799,86.8
800,7.99
801,9.14
802,7.64
803,138.65
804,115.45
805,117.08
806,115.61
807,2.02
808,13.37
809,169.27
810,47.6
811,123.71
812,212.8
813,80.67
814,28.54
815,60.15
816,525.0
817,85.39
818,13.89
819,37.33
820,56.01
821,359.47
822,175.71
823,69.69
824,77.68
825,174.72
826,522.87
827,196.99
828,11.71
829,359.02
830,210.75
831,191.31
832,256.55
833,71.21
834,525.51
835,254.88
836,259.24
837,6.56
838,63.96
839,310.19
840,549.75
841,125.91
842,169.95
843,35.53
844,278.85
845,49.35
846,36.97
847,54.65
848,187.02
849,153.37
850,111.56
851,789.13
852,87.3
853,215.89
854,91.39
855,8.41
856,66.39
857,376.95
858,87.18
859,264.98
860,139.33
861,108.52
862,507.18
863,114.52
864,5.51
865,23.34
866,46.39
867,275.38
868,690.17
869,459.0
870,13.87
871,6.83
872,304.42
873,362.35
874,150.2
875,13.71
876,333.9
877,528.97
878,569.3
879,156.66
880,329.08
881,9.61
882,210.45
883,40.76
884,7.0
885,182.85
886,208.78
887,41.31
888,287.93
889,171.88
890,318.21
891,83.67
892,201.23
893,113.25
894,81.48
895,67.21
896,222.46
897,10.86
898,235.31
899,161.44
900,674.76
901,30.29
902,120.2
903,283.07
904,11.45
905,73.17
906,267.31
907,492.84
908,472.1
909,52.32
910,329.05
911,118.35
912,224.06
913,37.19
914,52.81
915,438.79
916,94.11
917,205.94
918,650.19
919,88.06
920,79.13
921,3.6
922,3.1
923,362.15
924,36.0
925,56.74
926,182.09
927,209.58
928,3.4
929,471.33
930,355.9
931,157.07
932,243.38
933,23.86
934,184.7
935,125.68
936,251.72
937,171.74
938,5.25
939,109.26
940,422.23
941,294.95
942,412.36
943,2.49
944,201.96
945,75.82
946,177.32
947,10.08
948,142.46
949,162.89
950,107.58
951,248.88
952,157.91
953,278.25
954,328.52
955,383.88
956,263.18
957,8.84
958,358.82
959,271.58
960,132.58
961,122.06
962,156.2
963,25.95
964,286.51
965,260.18
966,153.67
967,9.21
968,130.0
969,651.53
970,144.17
971,8.78
972,168.85
973,403.44
974,385.43
975,4.11
976,99.45
977,17.18
978,4.93
979,23.29
980,416.09
981,176.26
982,98.55
983,89.5
984,3.14
985,13.86
986,22.59
987,189.98
988,58.91
989,69.61
990,74.68
991,14.43
992,321.29
993,22.25
994,202.46
995,247.98
996,227.55
997,113.58
998,565.62
999,188.09
1000,209.12
1001,175.06
1002,98.75
1003,81.9
1004,100.18
1005,212.81
1006,161.82
1007,82.59
1008,99.92
1009,131.98
1010,107.43
1011,5.6
1012,449.11
1013,272.01
1014,269.33
1015,333.3
1016,35.27
1017,207.21
1018,3.75
1019,16.45
1020,165.84
1021,263.93
1022,411.08
1023,233.43
1024,5.51
1025,47.3
1026,19.71
1027,113.39
1028,675.04
1029,19.36
1030,325.43
1031,161.6
1032,6.48
1033,23.39
1034,12.75
1035,5.85
1036,54.01
1037,7.54
1038,2.23
1039,29.79
1040,459.99
1041,5.18
1042,443.85
1043,25.46
1044,210.35
1045,96.49
1046,8.3
1047,7.57
1048,7.91
1049,3.65
1050,277.24
1051,172.9
1052,292.29
1053,274.36
1054,429.98
1055,264.15
1056,18.86
1057,196.61
1058,128.37
1059,6.56
1060,90.33
1061,555.63
1062,111.64
1063,299.16
1064,229.51
1065,44.77
1066,504.81
1067,241.43
1068,7.5
1069,149.01
1070,39.23
1071,142.33
1072,164.48
1073,310.83
1074,179.35
1075,40.42
1076,569.0
1077,159.97
1078,65.38
1079,359.67
1080,419.25
1081,220.05
1082,9.42
1083,1.9
1084,177.94
1085,204.89
1086,21.77
1087,248.71
1088,288.59
1089,162.94
1090,652.99
1091,894.38
1092,161.18
1093,141.43
1094,60.89
1095,121.21
1096,83.62
1097,239.73
1098,158.15
1099,263.47
1100,167.0
1101,141.74
1102,10.69
1103,3.84
1104,492.74
1105,4.57
1106,260.93
1107,406.26
1108,366.7
1109,225.68
1110,17.88
1111,10.77
1112,770.05
1113,339.39
1114,261.11
1115,293.89
1116,162.97
1117,96.73
1118,35.24
1119,158.62
1120,199.84
1121,115.23
1122,258.74
1123,59.43
1124,247.63
1125,215.09
1126,106.42
1127,366.73
1128,56.47
1129,21.85
1130,442.15
1131,196.09
1132,76.57
1133,309.86
1134,63.42
1135,314.71
1136,31.81
1137,207.87
1138,197.8
1139,101.8
1140,358.67
1141,39.42
1142,365.79
1143,486.76
1144,24.35
1145,187.99
1146,13.11
1147,106.41
1148,117.47
1149,297.96
1150,527.07
1151,149.78
1152,656.85
1153,182.45
1154,204.91
1155,15.84
1156,13.39
1157,298.09
1158,546.32
1159,191.29
1160,138.7
1161,377.8
1162,175.6
1163,396.72
1164,23.29
1165,373.74
1166,10.9
1167,413.94
1168,350.3
1169,121.27
1170,207.43
1171,32.36
1172,335.15
1173,71.21
1174,66.47
1175,48.52
1176,130.79
1177,235.32
1178,624.19
1179,230.1
1180,161.54
1181,12.59
1182,264.38
1183,17.43
1184,80.23
1185,171.45
1186,12.24
1187,12.92
1188,250.79
1189,199.33
1190,49.84
1191,428.5
1192,220.31
1193,85.59
1194,383.09
1195,280.52
1196,64.75
1197,158.38
1198,148.31
1199,14.54
1200,275.83
1201,174.86
1202,13.04
1203,143.66
1204,164.59
1205,206.94
1206,277.69
1207,116.36
1208,345.75
1209,295.19
1210,46.72
1211,487.92
1212,301.29
1213,350.62
1214,38.32
1215,33.22
1216,194.04
1217,3.51
1218,657.68
1219,207.52
1220,302.03
1221,271.72
1222,64.07
1223,396.36
1224,337.32
1225,126.66
1226,5.23
1227,65.6
1228,157.14
1229,36.94
1230,8.66
1231,67.99
1232,228.23
1233,33.02
1234,157.82
1235,597.08
1236,405.54
1237,141.47
1238,53.24
1239,464.47
1240,62.25
1241,335.31
1242,74.57
1243,826.87
1244,244.36
1245,120.91
1246,445.23
1247,92.31
1248,152.67
1249,194.28
1250,23.3
1251,109.66
1252,263.8
1253,282.68
1254,211.58
1255,48.91
1256,139.93
1257,17.8
1258,237.11
1259,387.91
1260,54.78
1261,255.89
1262,36.71
1263,131.58
1264,836.06
1265,184.01
1266,272.83
1267,217.79
1268,143.0
1269,72.29
1270,417.54
1271,79.91
1272,258.1
1273,763.35
1274,10.82
1275,12.56
1276,213.34
1277,9.98
1278,224.21
1279,179.35
1280,69.61
1281,24.22
1282,145.96
1283,334.37
1284,76.65
1285,17.11
1286,282.16
1287,332.6
1288,501.6
1289,356.67
1290,60.72
1291,14.29
1292,53.81
1293,175.71
1294,41.94
1295,788.38
1296,272.79
1297,543.34
1298,212.65
1299,330.68
1300,44.83
1301,531.39
1302,72.76
1303,9.31
1304,8.76
1305,190.59
1306,15.8
1307,6.27
1308,192.58
1309,228.4
1310,9.14
1311,35.62
1312,229.09
1313,436.85
1314,9.85
1315,214.78
1316,223.69
1317,134.53
1318,51.01
1319,116.02
1320,44.54
1321,447.36
1322,210.85
1323,96.66
1324,417.37
1325,48.53
1326,294.07
1327,68.19
1328,284.2
1329,276.68
1330,307.11
1331,798.77
1332,36.81
1333,360.53
1334,38.23
1335,225.18
1336,374.31
1337,294.85
1338,88.77
1339,22.51
1340,82.59
1341,12.92
1342,148.56
1343,673.26
1344,9.54
1345,39.03
1346,135.44
1347,169.51
1348,192.84
1349,110.72
1350,320.22
1351,112.5
1352,482.22
1353,15.61
1354,523.1
1355,47.88
1356,70.83
1357,292.44
1358,2.28
1359,163.75
1360,52.64
1361,68.82
1362,327.11
1363,744.33
1364,182.69
1365,199.09
1366,94.0
1367,36.8
1368,117.19
1369,419.08
1370,364.34
1371,244.57
1372,196.06
1373,64.24
1374,90.52
1375,239.78
1376,215.16
1377,388.15
1378,64.53
1379,10.74
1380,337.02
1381,37.32
1382,238.1
1383,125.12
1384,362.71
1385,8.12
1386,6.38
1387,65.9
1388,177.33
1389,526.56
1390,114.0
1391,473.88
1392,22.48
1393,3.49
1394,218.63
1395,139.56
1396,539.59
1397,281.82
1398,98.83
1399,4.41
1400,85.28
1401,212.61
1402,113.22
1403,2.83
1404,12.96
1405,51.41
1406,385.03
1407,283.31
1408,16.18
1409,242.9
1410,39.79
1411,464.74
1412,2.91
1413,194.58
1414,387.22
1415,389.56
1416,432.28
1417,346.42
1418,312.8
1419,262.01
1420,421.96
1421,185.57
1422,231.88
1423,61.24
1424,101.83
1425,155.97
1426,451.78
1427,8.08
1428,101.11
1429,171.8
1430,5.56
1431,132.18
1432,143.13
1433,359.24
1434,22.52
1435,37.72
1436,6.42
1437,3.13
1438,76.25
1439,104.06
1440,174.21
1441,138.52
1442,140.36
1443,378.1
1444,182.29
1445,17.26
1446,142.2
1447,182.43
1448,6.15
1449,544.52
1450,47.78
1451,7.18
1452,140.92
1453,176.18
1454,213.25
1455,5.36
1456,306.95
1457,329.67
1458,443.08
1459,10.29
1460,49.19
1461,195.96
1462,209.9
1463,10.07
1464,6.82
1465,6.38
1466,532.75
1467,29.75
1468,4.37
1469,229.36
1470,2.6
1471,260.51
1472,200.37
1473,274.89
1474,316.6
1475,93.61
1476,149.41
1477,259.71
1478,181.26
1479,254.9
1480,219.14
1481,534.31
1482,12.06
1483,132.06
1484,64.69
1485,109.14
1486,315.42
1487,28.9
1488,8.21
1489,199.69
1490,364.54
1491,32.07
1492,372.0
1493,44.53
1494,197.99
1495,403.62
1496,4.43
1497,2.27
1498,455.7
1499,460.79
1500,250.92
1501,3.86
1502,123.67
1503,409.97
1504,178.02
1505,113.17
1506,149.13
1507,177.27
1508,13.02
1509,6.56
1510,97.93
1511,8.47
1512,277.03
1513,206.89
1514,12.64
1515,20.25
1516,39.44
1517,4.89
1518,4.06
1519,195.9
1520,134.35
1521,78.77
1522,67.84
1523,65.56
1524,157.48
1525,24.87
1526,202.09
1527,184.81
1528,147.39
1529,768.74
1530,359.37
1531,216.26
1532,533.05
1533,331.14
1534,420.88
1535,40.31
1536,126.17
1537,197.89
1538,392.83
1539,111.42
1540,6.63
1541,343.7
1542,252.99
1543,77.35
1544,24.89
1545,87.61
1546,307.67
1547,474.2
1548,52.57
1549,174.26
1550,172.09
1551,538.5
1552,4.83
1553,146.84
1554,170.28
1555,267.42
1556,214.1
1557,221.0
1558,198.89
1559,223.14
1560,77.86
1561,34.12
1562,91.64
1563,114.57
1564,123.75
1565,97.48
1566,258.87
1567,47.76
1568,416.24
1569,38.44
1570,185.21
1571,548.5
1572,98.86
1573,175.54
1574,289.21
1575,97.48
1576,511.52
1577,377.82
1578,173.12
1579,19.01
1580,44.08
1581,5.18
1582,402.21
1583,163.36
1584,71.69
1585,460.48
1586,264.73
1587,4.35
1588,64.33
1589,6.74
1590,294.91
1591,219.01
1592,6.44
1593,93.43
1594,241.75
1595,362.39
1596,27.02
1597,345.15
1598,120.03
1599,163.07
1600,193.77
1601,4.88
1602,273.68
1603,111.19
1604,108.69
1605,719.22
1606,156.0
1607,212.92
1608,5.95
1609,306.65
1610,177.63
1611,138.81
1612,9.95
1613,205.28
1614,130.9
1615,12.92
1616,73.54
1617,463.37
1618,535.13
1619,197.02
1620,11.0
1621,441.17
1622,140.98
1623,91.28
1624,1.98
1625,175.67
1626,5.15
1627,59.76
1628,146.04
1629,53.78
1630,62.65
1631,56.79
1632,61.37
1633,619.63
1634,84.53
1635,133.02
1636,15.45
1637,191.54
1638,105.01
1639,102.2
1640,7.89
1641,105.54
1642,421.28
1643,405.24
1644,225.97
1645,114.63
1646,5.87
1647,394.5
1648,390.32
1649,556.35
1650,192.36
1651,94.49
1652,311.59
1653,388.82
1654,6.45
1655,727.48
1656,45.59
1657,5.73
1658,10.9
1659,288.38
1660,445.75
1661,13.44
1662,229.58
1663,8.13
1664,370.67
1665,180.89
1666,2.46
1667,31.02
1668,111.98
1669,215.43
1670,110.52
1671,449.23
1672,4.49
1673,91.22
1674,96.63
1675,232.88
1676,299.05
1677,33.96
1678,3.32
1679,413.78
1680,134.45
1681,464.88
1682,365.16
1683,305.41
1684,221.68
1685,669.49
1686,615.76
1687,5.79
1688,77.39
1689,210.09
1690,530.14
1691,147.29
1692,4.44
1693,123.57
1694,2.63
1695,145.54
1696,229.45
1697,657.94
1698,216.37
1699,6.58
1700,276.34
1701,49.67
1702,295.41
1703,260.56
1704,209.98
1705,6.2
1706,61.08
1707,428.74
1708,269.23
1709,85.85
1710,114.38
1711,7.08
1712,139.42
1713,28.84
1714,304.96
1715,442.18
1716,216.22
1717,423.91
1718,434.2
1719,84.77
1720,43.36
1721,55.05
1722,214.33
1723,12.25
1724,254.65
1725,218.03
1726,73.67
1727,277.76
1728,262.09
1729,69.32
1730,8.25
1731,699.0
1732,147.56
1733,12.78
1734,391.82
1735,119.41
1736,273.13
1737,268.17
1738,11.01
1739,258.41
1740,273.13
1741,290.7
1742,605.55
1743,95.45
1744,455.38
1745,82.1
1746,402.32
1747,61.82
1748,286.34
1749,44.71
1750,2.52
1751,42.37
1752,56.11
1753,280.53
1754,6.42
1755,205.91
1756,9.89
1757,533.67
1758,94.77
1759,398.18
1760,18.0
1761,284.53
1762,90.85
1763,37.71
1764,223.62
1765,50.53
1766,28.34
1767,197.6
1768,11.64
1769,78.44
1770,827.36
1771,107.64
1772,653.07
1773,11.77
1774,340.58
1775,283.26
1776,191.35
1777,207.03
1778,4.82
1779,147.4
1780,239.08
1781,201.78
1782,14.9
1783,5.64
1784,7.09
1785,117.58
1786,446.39
1787,202.64
1788,172.84
1789,441.02
1790,274.21
1791,37.84
1792,226.0
1793,339.12
1794,95.02
1795,283.79
1796,6.45
1797,192.05
1798,101.73
1799,125.31
1800,15.15
1801,15.17
1802,321.52
1803,844.53
1804,140.76
1805,473.59
1806,128.47
1807,195.4
1808,6.09
1809,121.97
1810,257.98
1811,391.91
1812,260.56
1813,116.76
1814,59.56
1815,109.66
1816,169.0
1817,268.83
1818,2.35
1819,55.86
1820,276.15
1821,25.19
1822,119.14
1823,190.48
1824,285.84
1825,4.42
1826,201.02
1827,213.36
1828,6.27
1829,16.19
1830,217.21
1831,253.88
1832,359.8
1833,128.2
1834,411.14
1835,186.52
1836,64.48
1837,49.67
1838,199.16
1839,5.62
1840,208.69
1841,6.02
1842,197.03
1843,340.29
1844,808.88
1845,5.46
1846,47.17
1847,415.98
1848,192.77
1849,474.52
1850,280.5
1851,384.42
1852,36.79
1853,493.48
1854,102.38
1855,195.33
1856,19.75
1857,201.58
1858,150.61
1859,17.14
1860,389.07
1861,20.75
1862,454.22
1863,309.48
1864,112.76
1865,80.78
1866,263.47
1867,95.97
1868,96.05
1869,135.69
1870,275.53
1871,91.96
1872,124.48
1873,4.1
1874,156.75
1875,124.36
1876,252.12
1877,131.19
1878,45.82
1879,203.64
1880,433.83
1881,205.09
1882,33.2
1883,111.73
1884,4.82
1885,78.15
1886,28.87
1887,395.92
1888,7.74
1889,126.47
1890,8.13
1891,334.53
1892,5.25
1893,75.78
1894,2.19
1895,80.32
1896,12.7
1897,2.72
1898,182.28
1899,46.44
1900,400.19
1901,171.8
1902,11.43
1903,317.11
1904,91.17
1905,244.55
1906,157.32
1907,187.31
1908,22.9
1909,21.59
1910,862.96
1911,433.65
1912,101.06
1913,3.11
1914,253.39
1915,2.87
1916,473.18
1917,24.98
1918,70.52
1919,171.52
1920,149.62
1921,378.65
1922,83.51
1923,107.83
1924,156.99
1925,155.85
1926,237.11
1927,187.71
1928,33.11
1929,13.63
1930,202.37
1931,154.87
1932,36.11
1933,238.1
1934,194.1
1935,4.15
1936,495.38
1937,228.6
1938,138.52
1939,722.82
1940,114.49
1941,97.84
1942,40.84
1943,386.32
1944,213.78
1945,149.6
1946,106.94
1947,452.54
1948,10.11
1949,64.44
1950,242.83
1951,292.14
1952,127.95
1953,138.49
1954,270.75
1955,203.39
1956,29.66
1957,277.19
1958,428.06
1959,202.74
1960,35.23
1961,201.11
1962,3.41
1963,168.71
1964,106.05
1965,250.8
1966,66.53
1967,446.71
1968,14.31
1969,9.24
1970,8.66
1971,41.06
1972,30.06
1973,60.19
1974,2.77
1975,170.24
1976,54.13
1977,223.72
1978,6.61
1979,223.94
1980,384.89
1981,55.14
1982,90.74
1983,209.46
1984,43.61
1985,107.55
1986,368.15
1987,295.66
1988,287.27
1989,115.79
1990,4.65
1991,7.64
1992,14.15
1993,74.81
1994,506.26
1995,146.34
1996,100.94
1997,42.34
1998,312.0
1999,257.86
2000,548.78
2001,7.27
2002,402.01
2003,102.08
2004,8.58
2005,215.16
2006,568.05
2007,415.07
2008,6.2
2009,10.69
2010,185.81
2011,20.72
2012,213.59
2013,195.4
2014,111.18
2015,87.76
2016,75.78
2017,152.98
2018,59.0
2019,292.2
2020,151.51
2021,12.1
2022,315.47
2023,216.06
2024,400.46
2025,36.04
2026,45.16
2027,15.77
2028,401.3
2029,61.9
2030,118.73
2031,6.16
2032,400.5
2033,23.36
2034,283.89
2035,7.85
2036,379.71
2037,115.55
2038,139.38
2039,63.05
2040,43.66
2041,635.44
2042,129.32
2043,76.47
2044,158.09
2045,22.56
2046,201.22
2047,425.28
2048,113.2
2049,444.94
2050,215.57
2051,5.89
2052,6.41
2053,105.31
2054,304.6
2055,68.84
2056,27.63
2057,320.88
2058,161.97
2059,30.41
2060,323.08
2061,137.53
2062,8.14
2063,213.48
2064,170.04
2065,159.13
2066,262.58
2067,250.66
2068,114.01
2069,211.48
2070,111.02
2071,57.47
2072,95.58
2073,122.2
2074,87.31
2075,479.24
2076,20.51
2077,712.67
2078,235.64
2079,112.75
2080,14.18
2081,126.52
2082,10.25
2083,203.0
2084,122.36
2085,233.09
2086,256.2
2087,94.86
2088,699.2
2089,147.67
2090,72.7
2091,234.07
2092,192.9
2093,168.04
2094,111.55
2095,28.71
2096,24.69
2097,272.75
2098,9.82
2099,133.64
2100,64.61
2101,287.52
2102,276.84
2103,284.15
2104,356.78
2105,45.23
2106,323.1
2107,2.67
2108,155.46
2109,112.96
2110,257.15
2111,72.74
2112,246.36
2113,294.38
2114,428.99
2115,74.18
2116,123.21
2117,116.05
2118,616.66
2119,9.48
2120,199.25
2121,316.5
2122,32.76
2123,453.36
2124,537.66
2125,7.91
2126,338.94
2127,3.9
2128,84.13
2129,170.82
2130,432.71
2131,15.1
2132,222.11
2133,341.73
2134,348.19
2135,562.81
2136,8.67
2137,256.5
2138,186.13
2139,352.87
2140,78.06
2141,23.39
2142,108.58
2143,856.43
2144,82.88
2145,83.97
2146,371.1
2147,465.96
2148,58.45
2149,106.23
2150,93.91
2151,160.39
2152,93.4
2153,359.32
2154,554.21
2155,102.47
2156,33.71
2157,228.93
2158,200.44
2159,34.69
2160,344.55
2161,8.63
2162,60.63
2163,621.02
2164,291.43
2165,149.83
2166,71.05
2167,260.41
2168,209.26
2169,50.91
2170,152.36
2171,194.75
2172,493.86
2173,368.99
2174,92.2
2175,671.2
2176,25.9
2177,151.6
2178,241.27
2179,189.51
2180,403.23
2181,262.67
2182,74.6
2183,53.4
2184,17.01
2185,4.28
2186,6.58
2187,263.24
2188,123.51
2189,157.64
2190,374.94
2191,256.04
2192,178.87
2193,540.74
2194,148.72
2195,54.41
2196,321.57
2197,222.43
2198,6.5
2199,35.82
2200,119.78
2201,271.0
2202,154.62
2203,399.26
2204,228.33
2205,32.25
2206,508.16
2207,39.42
2208,316.42
2209,6.91
2210,147.62
2211,272.85
2212,361.87
2213,516.96
2214,252.45
2215,133.15
2216,245.55
2217,6.64
2218,261.71
2219,6.62
2220,78.82
2221,31.75
2222,256.7
2223,87.64
2224,5.37
2225,131.18
2226,171.1
2227,32.32
2228,506.36
2229,3.42
2230,58.65
2231,258.34
2232,84.31
2233,260.42
2234,264.65
2235,271.95
2236,295.03
2237,246.75
2238,61.66
2239,46.23
2240,6.09
2241,758.31
2242,3.15
2243,30.91
2244,5.28
2245,33.05
2246,156.02
2247,93.96
2248,65.94
2249,197.47
2250,98.93
2251,30.78
2252,280.18
2253,273.91
2254,241.76
2255,179.96
2256,288.62
2257,179.73
2258,228.24
2259,1.88
2260,218.63
2261,174.22
2262,534.79
2263,270.49
2264,359.75
2265,177.65
2266,6.42
2267,267.82
2268,28.52
2269,20.51
2270,37.5
2271,142.63
2272,97.74
2273,435.86
2274,4.11
2275,169.41
2276,228.99
2277,112.94
2278,29.95
2279,54.31
2280,475.92
2281,8.1
2282,333.22
2283,497.2
2284,17.88
2285,436.41
2286,327.06
2287,19.09
2288,278.87
2289,593.19
2290,75.7
2291,30.25
2292,60.65
2293,83.27
2294,2.44
2295,421.98
2296,379.96
2297,257.29
2298,16.35
2299,644.47
2300,92.06
2301,205.57
2302,73.14
2303,860.7
2304,173.73
2305,10.37
2306,317.96
2307,162.53
2308,148.24
2309,136.08
2310,529.9
2311,179.82
2312,249.9
2313,417.73
2314,99.05
2315,56.77
2316,230.6
2317,196.7
2318,382.44
2319,78.22
2320,267.69
2321,213.55
2322,33.46
2323,40.75
2324,41.85
2325,803.79
2326,101.04
2327,43.39
2328,160.4
2329,78.95
2330,171.42
2331,209.86
2332,187.8
2333,267.64
2334,131.09
2335,15.86
2336,126.83
2337,381.23
2338,291.51
2339,166.49
2340,12.29
2341,116.09
2342,247.78
2343,121.58
2344,73.99
2345,232.94
2346,22.18
2347,241.41
2348,35.73
2349,131.99
2350,187.41
2351,406.23
2352,193.0
2353,39.36
2354,146.55
2355,83.62
2356,171.61
2357,288.17
2358,158.24
2359,337.25
2360,459.61
2361,109.81
2362,31.07
2363,11.53
2364,72.57
2365,163.74
2366,213.91
2367,540.11
2368,7.1
2369,131.37
2370,215.7
2371,523.23
2372,362.12
2373,4.35
2374,208.16
2375,87.28
2376,253.93
2377,169.4
2378,174.5
2379,29.9
2380,276.87
2381,1.95
2382,178.75
2383,5.26
2384,514.96
2385,43.51
2386,434.62
2387,132.09
2388,168.86
2389,32.08
2390,3.28
2391,125.69
2392,17.16
2393,7.36
2394,56.0
2395,105.91
2396,437.66
2397,28.55
2398,161.63
2399,346.45
2400,32.94
2401,365.36
2402,189.38
2403,378.19
2404,48.03
2405,6.59
2406,24.56
2407,36.38
2408,15.73
2409,13.36
2410,192.83
2411,486.88
2412,73.21
2413,9.86
2414,102.11
2415,178.51
2416,5.56
2417,98.04
2418,293.46
2419,60.65
2420,38.34
2421,225.25
2422,414.77
2423,129.47
2424,72.29
2425,270.59
2426,161.71
2427,159.83
2428,23.66
2429,28.37
2430,40.69
2431,590.49
2432,635.98
2433,79.94
2434,142.61
2435,112.47
2436,39.05
2437,149.87
2438,183.72
2439,650.75
2440,67.11
2441,168.58
2442,72.14
2443,772.65
2444,140.69
2445,462.06
2446,79.04
2447,161.55
2448,59.35
2449,360.08
2450,65.72
2451,57.92
2452,111.48
2453,6.75
2454,139.82
2455,40.1
2456,42.74
2457,106.49
2458,154.5
2459,143.62
2460,123.14
2461,190.79
2462,106.33
2463,58.51
2464,405.7
2465,72.88
2466,382.99
2467,214.63
2468,488.04
2469,55.05
2470,1.45
2471,135.86
2472,29.89
2473,178.79
2474,113.0
2475,364.6
2476,351.24
2477,388.54
2478,184.58
2479,103.3
2480,153.19
2481,228.18
2482,23.99
2483,843.97
2484,378.16
2485,67.57
2486,165.57
2487,14.49
2488,172.57
2489,498.5
2490,148.48
2491,11.81
2492,125.86
2493,66.46
2494,252.68
2495,287.88
2496,6.51
2497,23.79
2498,226.06
2499,29.0
2500,18.13
2501,17.82
2502,22.54
2503,129.64
2504,20.61
2505,280.03
2506,39.02
2507,370.38
2508,274.96
2509,33.01
2510,242.19
2511,239.23
2512,418.18
2513,218.19
2514,95.65
2515,401.08
2516,133.4
2517,35.67
2518,297.34
2519,579.71
2520,121.92
2521,12.46
2522,56.8
2523,262.47
2524,457.08
2525,4.391666666666667
2526,174.96
2527,80.66
2528,158.13
2529,511.6
2530,10.55
2531,140.27
2532,61.81
2533,119.59
2534,396.25
2535,340.66
2536,42.66
2537,174.23
2538,255.0
2539,92.27
2540,132.78
2541,188.35
2542,143.61
2543,202.73
2544,59.38
2545,37.33
2546,409.17
2547,522.29
2548,32.84
2549,447.52
2550,171.21
2551,27.93
2552,153.52
2553,472.2
2554,188.31
2555,81.4
2556,150.16
2557,18.51
2558,2.78
2559,8.89
2560,771.36
2561,202.42
2562,59.16
2563,87.67
2564,149.49
2565,344.69
2566,335.72
2567,245.45
2568,312.9
2569,258.37
2570,118.02
2571,294.53
2572,213.35
2573,59.88
2574,167.36
2575,112.09
2576,84.5
2577,5.97
2578,315.86
2579,51.77
2580,219.18
2581,654.63
2582,2.94
2583,95.12
2584,6.45
2585,33.16
2586,406.39
2587,140.77
2588,234.46
2589,90.66
2590,31.14
2591,217.06
2592,7.67
2593,34.25
2594,346.0
2595,168.86
2596,52.47
2597,99.04
2598,31.62
2599,87.62
2600,243.3
2601,31.13
2602,212.71
2603,7.43
2604,203.54
2605,514.75
2606,195.17
2607,252.04
2608,113.26
2609,389.29
2610,283.63
2611,20.03
2612,385.1
2613,102.22
2614,334.24
2615,5.77
2616,64.86
2617,273.55
2618,371.95
2619,50.44
2620,585.64
2621,642.83
2622,319.78
2623,606.49
2624,40.6
2625,391.65
2626,211.71
2627,122.43
2628,551.89
2629,483.9
2630,129.77
2631,113.77
2632,64.37
2633,86.9
2634,17.34
2635,12.78
2636,550.47
2637,25.22
2638,21.36
2639,3.41
2640,75.63
2641,210.47
2642,275.99
2643,513.7
2644,116.16
2645,204.2
2646,213.19
2647,15.33
2648,54.19
2649,153.43
2650,155.36
2651,506.71
2652,256.79
2653,131.3
2654,97.34
2655,13.12
2656,231.42
2657,251.4
2658,195.59
2659,194.12
2660,6.12
2661,232.22
2662,147.9
2663,143.53
2664,96.5
2665,762.26
2666,120.74
2667,271.8
2668,16.25
2669,64.81
2670,32.73
2671,136.41
2672,385.24
2673,371.49
2674,54.69
2675,16.65
2676,324.9
2677,210.99
2678,12.54
2679,91.55
2680,104.37
2681,22.94
2682,6.86
2683,281.48
2684,6.67
2685,201.78
2686,12.25
2687,334.62
2688,448.12
2689,78.27
2690,144.6
2691,123.24
2692,275.16
2693,185.58
2694,427.92
2695,37.42
2696,422.07
2697,331.65
2698,157.46
2699,339.68
2700,131.11
2701,431.93
2702,239.91
2703,48.35
2704,7.0
2705,11.03
2706,14.05
2707,11.56
2708,380.77
2709,168.22
2710,223.83
2711,68.79
2712,232.97
2713,155.03
2714,340.2
2715,536.53
2716,226.63
2717,10.41
2718,252.95
2719,80.43
2720,44.78
2721,5.0
2722,116.01
2723,232.94
2724,264.2
2725,386.96
2726,38.39
2727,205.12
2728,207.36
2729,15.11
2730,53.69
2731,12.26
2732,215.81
2733,12.29
2734,9.14
2735,256.57
2736,760.0
2737,212.04
2738,87.89
2739,201.94
2740,4.08
2741,143.98
2742,202.01
2743,46.38
2744,227.24
2745,384.27
2746,5.2
2747,335.44
2748,58.41
2749,439.23
2750,227.42
2751,6.61
2752,538.68
2753,14.69
2754,296.3
2755,242.22
2756,324.72
2757,175.41
2758,84.64
2759,76.39
2760,329.48
2761,658.86
2762,4.15
2763,29.21
2764,254.41
2765,708.59
2766,125.05
2767,378.88
2768,34.5
2769,273.53
2770,354.79
2771,108.86
2772,718.07
2773,322.19
2774,217.68
2775,1.49
2776,168.59
2777,240.35
2778,193.31
2779,150.85
2780,55.03
2781,701.44
2782,328.4
2783,107.78
2784,171.35
2785,361.27
2786,46.75
2787,372.94
2788,110.44
2789,78.78
2790,134.03
2791,217.26
2792,206.05
2793,112.21
2794,230.51
2795,441.53
2796,434.09
2797,244.87
2798,377.19
2799,106.13
2800,144.23
2801,185.22
2802,464.34
2803,68.74
2804,364.59
2805,349.88
2806,189.48
2807,567.6
2808,7.64
2809,73.94
2810,30.86
2811,548.06
2812,317.85
2813,280.16
2814,9.35
2815,130.97
2816,20.59
2817,343.74
2818,2.45
2819,278.88
2820,40.98
2821,10.9
2822,189.91
2823,379.41
2824,163.5
2825,186.2
2826,14.8
2827,67.77
2828,243.45
2829,22.78
2830,53.35
2831,46.46
2832,654.74
2833,96.57
2834,276.64
2835,129.66
2836,12.92
2837,437.4
2838,31.41
2839,10.66
2840,279.7
2841,761.07
2842,254.1
2843,4.2
2844,81.06
2845,10.2
2846,257.79
2847,45.4
2848,145.23
2849,63.95
2850,66.66
2851,265.5
2852,23.09
2853,314.75
2854,180.6
2855,159.29
2856,538.89
2857,4.44
2858,160.35
2859,21.71
2860,792.91
2861,398.75
2862,42.98
2863,190.82
2864,357.61
2865,74.53
2866,156.04
2867,43.96
2868,240.16
2869,387.81
2870,28.71
2871,167.0
2872,12.65
2873,208.47
2874,865.32
2875,5.46
2876,102.54
2877,23.41
2878,184.83
2879,19.27
2880,164.01
2881,839.08
2882,217.78
2883,20.19
2884,302.87
2885,60.7
2886,171.52
2887,53.21
2888,4.2
2889,202.63
2890,95.89
2891,15.14
2892,175.28
2893,23.13
2894,179.63
2895,83.93
2896,672.46
2897,236.21
2898,157.4
2899,7.31
2900,19.4
2901,48.88
2902,259.68
2903,115.28
2904,308.8
2905,533.75
2906,210.33
2907,23.05
2908,394.81
2909,345.86
2910,24.82
2911,291.76
2912,202.28
2913,108.32
2914,38.67
2915,15.12
2916,37.03
2917,114.27
2918,5.73
2919,168.99
2920,140.15
2921,155.51
2922,58.98
2923,424.15
2924,113.61
2925,422.76
2926,31.78
2927,374.37
2928,66.85
2929,324.05
2930,90.89
2931,121.59
2932,389.85
2933,219.65
2934,17.22
2935,134.93
2936,67.32
2937,115.61
2938,39.84
2939,157.8
2940,7.36
2941,147.57
2942,413.76
2943,227.5
2944,314.22
2945,686.72
2946,235.03
2947,35.87
2948,205.8
2949,274.07
2950,14.38
2951,317.57
2952,15.63
2953,434.45
2954,190.67
2955,478.34
2956,36.12
2957,108.99
2958,3.81
2959,254.88
2960,318.5
2961,284.17
2962,479.13
2963,155.15
2964,17.49
2965,2.91
2966,3.1
2967,208.09
2968,9.83
2969,95.37
2970,121.91
2971,87.86
2972,145.31
2973,307.91
2974,715.63
2975,60.61
2976,169.32
2977,315.4
2978,403.3
2979,420.06
2980,161.81
2981,334.88
2982,325.76
2983,377.79
2984,12.6
2985,156.42
2986,227.65
2987,204.08
2988,791.57
2989,428.98
2990,160.55
2991,432.92
2992,326.74
2993,79.06
2994,510.61
2995,7.2
2996,42.68
2997,226.56
2998,315.91
2999,497.09
3000,309.2
3001,134.26
3002,207.78
3003,200.52
3004,65.84
3005,54.96
3006,7.45
3007,59.18
3008,23.65
3009,626.59
3010,226.53
3011,340.95
3012,80.14
3013,102.3
3014,306.98
3015,157.84
3016,254.38
3017,9.0
3018,123.81
3019,65.36
3020,409.41
3021,25.39
3022,286.31
3023,189.61
3024,208.85
3025,5.07
3026,22.16
3027,426.25
3028,117.3
3029,129.25
3030,210.04
3031,246.06
3032,50.96
3033,241.42
3034,125.6
3035,251.18
3036,11.69
3037,30.54
3038,233.98
3039,10.62
3040,84.79
3041,30.91
3042,6.23
3043,30.06
3044,59.1
3045,125.41
3046,18.47
3047,2.55
3048,142.13
3049,536.61
3050,331.45
3051,106.74
3052,869.62
3053,80.91
3054,162.25
3055,62.21
3056,177.94
3057,1.7
3058,18.4
3059,226.02
3060,845.01
3061,370.03
3062,176.12
3063,23.22
3064,370.86
3065,348.85
3066,369.77
3067,268.98
3068,407.35
3069,312.23
3070,5.0
3071,421.37
3072,14.64
3073,397.78
3074,425.62
3075,103.39
3076,161.26
3077,294.84
3078,453.85
3079,198.98
3080,1.34
3081,28.43
3082,238.37
3083,650.92
3084,7.39
3085,97.5
3086,72.08
3087,767.36
3088,4.75
3089,182.37
3090,541.79
3091,25.14
3092,75.35
3093,345.3
3094,107.92
3095,142.58
3096,498.22
3097,253.35
3098,174.0
3099,47.6
3100,64.91
3101,177.61
3102,23.45
3103,151.45
3104,134.35
3105,125.52
3106,162.61
3107,94.25
3108,7.45
3109,14.52
3110,180.09
3111,217.77
3112,78.96
3113,510.71
3114,130.18
3115,110.62
3116,643.09
3117,5.49
3118,8.12
3119,140.66
3120,217.88
3121,6.12
3122,14.89
3123,256.08
3124,135.4
3125,720.61
3126,616.48
3127,88.66
3128,280.53
3129,73.82
3130,118.85
3131,274.04
3132,74.46
3133,84.61
3134,16.14
3135,290.39
3136,2.14
3137,320.99
3138,38.71
3139,431.34
3140,35.45
3141,237.3
3142,555.86
3143,160.06
3144,323.94
3145,217.08
3146,93.6
3147,222.66
3148,63.23
3149,593.17
3150,220.19
3151,76.49
3152,330.32
3153,180.08
3154,251.25
3155,49.08
3156,82.87
3157,232.88
3158,169.37
3159,14.51
3160,427.85
3161,277.77
3162,140.2
3163,302.68
3164,25.82
3165,163.03
3166,307.96
3167,3.25
3168,12.32
3169,117.75
3170,72.22
3171,209.12
3172,64.53
3173,277.65
3174,56.47
3175,570.27
3176,4.79
3177,38.69
3178,7.39
3179,45.77
3180,14.16
3181,265.85
3182,390.35
3183,182.4
3184,200.91
3185,157.74
3186,65.57
3187,285.59
3188,482.87
3189,17.27
3190,78.49
3191,71.71
3192,43.58
3193,268.99
3194,269.33
3195,3.36
3196,153.56
3197,162.63
3198,32.88
3199,307.36
3200,145.0
3201,37.18
3202,42.01
3203,428.83
3204,20.22
3205,133.77
3206,111.51
3207,32.57
3208,93.48
3209,208.92
3210,267.08
3211,209.91
3212,2.47
3213,40.28
3214,17.24
3215,161.94
3216,203.82
3217,30.42
3218,21.11
3219,79.76
3220,269.45
3221,354.91
3222,5.96
3223,63.95
3224,174.68
3225,119.62
3226,25.2
3227,51.25
3228,11.45
3229,63.22
3230,64.57
3231,12.33
3232,165.43
3233,166.69
3234,193.12
3235,24.54
3236,113.25
3237,99.44
3238,168.83
3239,88.16
3240,4.18
3241,98.51
3242,6.93
3243,110.56
3244,234.53
3245,142.73
3246,242.81
3247,504.65
3248,215.49
3249,539.17
3250,93.43
3251,95.83
3252,196.31
3253,737.24
3254,37.8
3255,12.57
3256,85.75
3257,346.76
3258,273.86
3259,366.63
3260,334.58
3261,74.92
3262,251.1
3263,354.95
3264,97.94
3265,14.59
3266,87.56
3267,121.95
3268,5.92
3269,599.64
3270,1.27
3271,35.21
3272,173.15
3273,82.51
3274,83.87
3275,318.87
3276,140.66
3277,183.48
3278,70.5
3279,10.57
3280,160.93
3281,16.4
3282,190.93
3283,116.76
3284,63.64
3285,12.64
3286,96.27
3287,47.11
3288,11.52
3289,167.98
3290,279.02
3291,88.39
3292,160.4
3293,144.98
3294,361.25
3295,283.25
3296,651.85
3297,454.72
3298,192.07
3299,429.89
3300,161.01
3301,136.19
3302,161.06
3303,7.67
3304,457.3
3305,296.99
3306,49.05
3307,192.93
3308,267.97
3309,104.92
3310,215.05
3311,159.91
3312,5.87
3313,238.15
3314,130.22
3315,169.31
3316,385.18
3317,98.87
3318,21.47
3319,152.79
3320,5.71
3321,494.09
3322,131.87
3323,95.48
3324,142.94
3325,781.76
3326,101.25
3327,5.51
3328,19.74
3329,8.04
3330,122.99
3331,143.19
3332,6.06
3333,35.32
3334,127.09
3335,381.09
3336,485.82
3337,99.52
3338,6.77
3339,26.87
3340,70.5
3341,75.39
3342,114.95
3343,45.52
3344,3.25
3345,10.09
3346,61.02
3347,37.45
3348,435.4
3349,735.5
3350,76.75
3351,82.74
3352,218.02
3353,283.27
3354,635.68
3355,23.53
3356,183.85
3357,3.61
3358,642.57
3359,182.74
3360,6.095
3361,184.56
3362,94.6
3363,140.88
3364,354.17
3365,51.7
3366,288.01
3367,214.83
3368,167.16
3369,185.82
3370,240.71
3371,374.92
3372,100.98
3373,170.61
3374,735.36
3375,94.44
3376,2.59
3377,10.08
3378,149.45
3379,300.15
3380,4.11
3381,143.57
3382,202.93
3383,116.61
3384,101.79
3385,394.32
3386,13.41
3387,120.39
3388,121.63
3389,798.24
3390,6.43
3391,475.74
3392,281.42
3393,195.52
3394,90.69
3395,4.17
3396,170.37
3397,596.0
3398,42.19
3399,339.38
3400,187.37
3401,227.95
3402,326.82
3403,289.08
3404,444.09
3405,206.49
3406,28.1
3407,9.99
3408,36.89
3409,56.15
3410,418.21
3411,216.3
3412,11.67
3413,59.55
3414,45.19
3415,140.71
3416,823.81
3417,219.1
3418,192.61
3419,590.72
3420,6.3
3421,33.55
3422,7.71
3423,267.57
3424,186.37
3425,215.97
3426,187.59
3427,14.7
3428,9.12
3429,215.41
3430,133.48
3431,330.79
3432,6.38
3433,153.79
3434,6.96
3435,326.84
3436,196.71
3437,5.12
3438,430.1
3439,196.75
3440,93.34
3441,189.03
3442,154.38
3443,413.88
3444,3.52
3445,234.74
3446,47.42
3447,128.06
3448,232.15
3449,356.26
3450,202.68
3451,122.33
3452,186.58
3453,17.29
3454,80.99
3455,246.35
3456,50.94
3457,289.62
3458,344.22
3459,83.43
3460,186.41
3461,45.2
3462,284.17
3463,257.56
3464,360.78
3465,111.65
3466,23.28
3467,51.15
3468,202.07
3469,81.54
3470,234.7
3471,4.75
3472,660.5
3473,140.11
3474,94.3
3475,160.61
3476,5.39
3477,38.21
3478,162.9
3479,329.46
3480,244.41
3481,12.98
3482,5.47
3483,357.93
3484,269.43
3485,189.85
3486,43.52
3487,152.67
3488,541.05
3489,22.39
3490,311.97
3491,46.68
3492,12.87
3493,22.96
3494,6.07
3495,76.73
3496,45.86
3497,20.3
3498,7.04
3499,196.9
3500,372.63
3501,176.78
3502,68.39
3503,215.05
3504,375.05
3505,106.2
3506,390.19
3507,42.88
3508,190.84
3509,190.89
3510,4.01
3511,81.95
3512,24.59
3513,245.32
3514,95.18
3515,7.39
3516,201.11
3517,280.71
3518,146.04
3519,60.18
3520,520.63
3521,61.1
3522,627.58
3523,26.03
3524,178.19
3525,333.68
3526,332.62
3527,239.53
3528,4.54
3529,29.31
3530,191.94
3531,158.46
3532,269.14
3533,232.15
3534,92.6
3535,239.01
3536,232.99
3537,208.72
3538,426.94
3539,6.52
3540,545.06
3541,13.85
3542,140.54
3543,255.47
3544,47.61
3545,12.45
3546,109.65
3547,941.0
3548,6.66
3549,7.56
3550,24.64
3551,631.17
3552,15.96
3553,25.62
3554,397.96
3555,8.25
3556,181.9
3557,115.72
3558,11.03
3559,454.68
3560,17.28
3561,154.01
3562,77.49
3563,509.33
3564,631.24
3565,20.1
3566,194.0
3567,407.87
3568,258.04
3569,30.73
3570,302.17
3571,190.36
3572,167.25
3573,636.4
3574,344.04
3575,7.4
3576,5.07
3577,190.33
3578,323.41
3579,132.4
3580,228.11
3581,266.6
3582,258.25
3583,10.59
3584,743.23
3585,105.71
3586,23.65
3587,8.3
3588,59.65
3589,72.03
3590,9.61
3591,13.32
3592,5.09
3593,204.87
3594,36.4
3595,180.82
3596,13.64
3597,129.88
3598,88.52
3599,238.61
3600,379.45
3601,416.96
3602,258.49
3603,156.78
3604,36.1
3605,172.55
3606,115.61
3607,451.2
3608,83.95
3609,21.01
3610,873.5
3611,360.64
3612,94.96
3613,132.82
3614,164.2
3615,480.58
3616,428.52
3617,167.99
3618,19.01
3619,14.73
3620,197.73
3621,391.86
3622,4.21
3623,14.48
3624,29.4
3625,216.79
3626,88.52
3627,148.56
3628,110.12
3629,131.56
3630,21.01
3631,259.32
3632,407.62
3633,42.64
3634,14.8
3635,628.53
3636,136.72
3637,38.4
3638,71.31
3639,71.12
3640,156.43
3641,72.6
3642,228.95
3643,105.6
3644,195.37
3645,528.85
3646,164.65
3647,147.3
3648,285.17
3649,403.66
3650,209.3
3651,53.63
3652,4.5
3653,131.16
3654,51.47
3655,181.68
3656,5.47
3657,6.08
3658,195.49
3659,2.39
3660,497.25
3661,44.41
3662,2.06
3663,77.73
3664,368.99
3665,15.56
3666,257.22
3667,80.28
3668,53.73
3669,372.75
3670,284.67
3671,112.81
3672,10.55
3673,2.93
3674,206.16
3675,7.31
3676,250.07
3677,16.85
3678,12.23
3679,38.81
3680,18.83
3681,227.02
3682,3.7
3683,286.07
3684,38.7
3685,196.1
3686,46.07
3687,233.05
3688,43.09
3689,154.15
3690,22.89
3691,118.89
3692,97.81
3693,677.69
3694,179.14
3695,192.21
3696,365.27
3697,210.54
3698,526.61
3699,33.1
3700,14.61
3701,30.32
3702,414.88
3703,33.02
3704,407.45
3705,11.33
3706,73.95
3707,646.29
3708,28.86
3709,10.84
3710,17.95
3711,276.39
3712,5.85
3713,553.33
3714,326.1
3715,305.29
3716,41.62
3717,109.7
3718,124.51
3719,4.49
3720,164.3
3721,193.81
3722,412.24
3723,268.25
3724,183.2
3725,276.43
3726,43.44
3727,656.88
3728,163.5
3729,134.11
3730,295.68
3731,14.93
3732,359.48
3733,277.6
3734,44.24
3735,653.86
3736,32.62
3737,165.03
3738,648.9
3739,49.53
3740,149.28
3741,102.49
3742,10.27
3743,106.6
3744,121.34
3745,399.5
3746,313.01
3747,93.64
3748,51.49
3749,147.1
3750,60.06
3751,56.34
3752,23.59
3753,148.83
3754,13.75
3755,166.6
3756,282.57
3757,78.55
3758,609.42
3759,220.3
3760,81.49
3761,266.92
3762,93.13
3763,47.88
3764,577.19
3765,70.77
3766,35.96
3767,50.2
3768,203.61
3769,236.57
3770,369.35
3771,30.78
3772,10.82
3773,11.39
3774,32.53
3775,81.03
3776,17.75
3777,2.23
3778,356.0
3779,185.22
3780,6.2
3781,529.7
3782,153.05
3783,288.7
3784,107.55
3785,229.98
3786,416.24
3787,7.37
3788,514.79
3789,138.97
3790,90.54
3791,288.24
3792,402.68
3793,332.97
3794,52.95
3795,44.29
3796,25.16
3797,2.48
3798,470.27
3799,356.83
3800,84.27
3801,226.38
3802,107.14
3803,149.8
3804,20.35
3805,368.99
3806,211.4
3807,277.76
3808,555.71
3809,34.63
3810,319.55
3811,88.06
3812,211.91
3813,15.65
3814,7.3
3815,98.16
3816,79.3
3817,17.28
3818,9.7
3819,53.41
3820,173.16
3821,187.23
3822,181.88
3823,337.47
3824,136.73
3825,138.85
3826,431.6
3827,278.53
3828,536.75
3829,218.6
3830,6.96
3831,132.31
3832,290.52
3833,215.76
3834,123.85
3835,10.77
3836,223.08
3837,96.91
3838,800.4
3839,84.39
3840,58.92
3841,93.25
3842,20.72
3843,179.95
3844,240.73
3845,185.8
3846,5.62
3847,122.66
3848,217.69
3849,265.86
3850,315.15
3851,111.73
3852,118.19
3853,66.39
3854,88.17
3855,497.54
3856,425.78
3857,8.3
3858,866.81
3859,198.99
3860,83.69
3861,575.92
3862,144.38
3863,902.21
3864,86.25
3865,16.52
3866,187.03
3867,21.11
3868,409.66
3869,96.36
3870,106.17
3871,167.36
3872,432.56
3873,109.02
3874,288.87
3875,213.29
3876,22.57
3877,7.47
3878,402.84
3879,391.58
3880,523.56
3881,7.71
3882,278.78
3883,88.43
3884,186.76
3885,4.62
3886,518.31
3887,134.32
3888,295.83
3889,61.99
3890,275.55
3891,129.33
3892,151.04
3893,132.99
3894,69.63
3895,27.13
3896,119.98
3897,84.58
3898,181.98
3899,168.32
3900,150.26
3901,453.74
3902,727.16
3903,226.04
3904,37.14
3905,412.1
3906,2.65
3907,57.79
3908,244.95
3909,12.25
3910,239.1
3911,28.31
3912,75.08
3913,321.5
3914,619.47
3915,77.18
3916,22.68
3917,526.02
3918,112.16
3919,47.14
3920,150.66
3921,13.03
3922,187.22
3923,30.04
3924,183.49
3925,181.09
3926,258.01
3927,137.31
3928,329.47
3929,647.37
3930,285.38
3931,308.16
3932,623.94
3933,146.33
3934,100.68
3935,14.94
3936,75.34
3937,206.28
3938,142.91
3939,262.36
3940,83.68
3941,208.66
3942,439.41
3943,404.6
3944,263.26
3945,473.65
3946,73.37
3947,237.0
3948,49.63
3949,374.59
3950,63.83
3951,229.5
3952,8.5
3953,6.68
3954,5.51
3955,234.48
3956,225.96
3957,268.26
3958,17.57
3959,6.77
3960,184.65
3961,291.08
3962,138.01
3963,60.44
3964,23.12
3965,32.81
3966,691.79
3967,533.52
3968,210.66
3969,42.4
3970,393.24
3971,253.52
3972,17.38
3973,724.26
3974,207.08
3975,141.41
3976,203.48
3977,558.53
3978,175.93
3979,466.95
3980,170.37
3981,66.85
3982,141.62
3983,194.72
3984,155.1
3985,47.7
3986,553.33
3987,55.52
3988,5.57
3989,24.53
3990,112.94
3991,223.6
3992,125.38
3993,583.91
3994,148.75
3995,570.44
3996,98.61
3997,127.84
3998,5.52
3999,33.59
4000,162.7
4001,355.64
4002,70.28
4003,50.96
4004,90.37
4005,823.8
4006,31.65
4007,124.2
4008,209.12
4009,285.48
4010,111.78
4011,214.1
4012,302.05
4013,174.84
4014,120.3
4015,158.42
4016,355.02
4017,11.72
4018,112.15
4019,423.93
4020,224.64
4021,15.21
4022,55.83
4023,269.68
4024,192.8
4025,150.72
4026,130.99
4027,248.14
4028,121.3
4029,359.75
4030,72.36
4031,386.29
4032,25.3
4033,289.35
4034,389.32
4035,7.48
4036,662.0
4037,247.51
4038,278.85
4039,69.72
4040,229.73
4041,174.24
4042,79.75
4043,345.13
4044,133.37
4045,40.37
4046,244.73
4047,534.16
4048,22.34
4049,37.43
4050,276.37
4051,232.39
4052,449.15
4053,21.42
4054,377.33
4055,191.7
4056,193.87
4057,30.06
4058,143.44
4059,138.91
4060,135.0
4061,23.4
4062,245.61
4063,163.42
4064,46.77
4065,182.85
4066,414.57
4067,254.27
4068,400.22
4069,76.48
4070,694.99
4071,262.78
4072,94.89
4073,302.58
4074,62.0
4075,246.61
4076,247.18
4077,413.64
4078,640.99
4079,388.26
4080,214.17
4081,414.52
4082,115.47
4083,31.3
4084,1.81
4085,65.58
4086,28.45
4087,9.54
4088,14.22
4089,387.89
4090,772.84
4091,487.84
4092,44.57
4093,98.87
4094,407.73
4095,330.12
4096,231.87
4097,8.21
4098,147.66
4099,709.11
4100,531.14
4101,197.28
4102,183.43
4103,93.17
4104,21.63
4105,400.54
4106,5.31
4107,6.24
4108,12.47
4109,396.82
4110,746.07
4111,105.83
4112,8.49
4113,28.86
4114,237.93
4115,3.52
4116,395.53
4117,66.27
4118,512.36
4119,94.66
4120,120.53
4121,384.76
4122,269.0
4123,315.16
4124,170.7
4125,170.18
4126,4.51
4127,241.73
4128,29.22
4129,355.08
4130,8.09
4131,133.53
4132,87.49
4133,534.4
4134,203.26
4135,234.92
4136,207.59
4137,45.07
4138,14.09
4139,118.1
4140,60.07
4141,76.65
4142,85.84
4143,338.58
4144,199.78
4145,5.57
4146,91.06
4147,181.6
4148,463.01
4149,213.8
4150,195.88
4151,68.84
4152,55.56
4153,513.75
4154,584.78
4155,154.0
4156,219.33
4157,24.87
4158,74.87
4159,7.76
4160,680.25
4161,16.16
4162,289.88
4163,193.17
4164,310.33
4165,12.33
4166,165.4
4167,402.44
4168,194.43
4169,197.11
4170,219.52
4171,89.49
4172,534.47
4173,23.16
4174,373.12
4175,20.26
4176,786.95
4177,384.93
4178,43.44
4179,17.07
4180,295.12
4181,263.07
4182,12.66
4183,128.7
4184,81.05
4185,16.15
4186,132.53
4187,368.15
4188,426.63
4189,323.14
4190,225.15
4191,369.46
4192,3.79
4193,99.26
4194,182.02
4195,129.41
4196,17.29
4197,337.85
4198,78.08
4199,147.63
4200,46.57
4201,4.85
4202,286.5
4203,232.36
4204,275.68
4205,155.86
4206,4.77
4207,307.52
4208,35.07
4209,44.01
4210,190.17
4211,116.37
4212,19.66
4213,118.88
4214,112.48
4215,6.47
4216,441.46
4217,207.8
4218,18.28
4219,214.15
4220,396.91
4221,378.59
4222,88.95
4223,117.92
4224,353.33
4225,90.09
4226,73.11
4227,111.54
4228,135.56
4229,35.85
4230,4.24
4231,41.63
4232,255.83
4233,6.24
4234,347.88
4235,243.85
4236,45.9
4237,18.93
4238,152.52
4239,182.66
4240,67.93
4241,66.01
4242,5.69
4243,101.16
4244,438.22
4245,54.59
4246,180.25
4247,204.01
4248,56.57
4249,43.11
4250,5.29
4251,64.31
4252,177.97
4253,150.18
4254,290.62
4255,7.42
4256,110.32
4257,569.3
4258,275.37
4259,374.81
4260,114.81
4261,285.41
4262,25.79
4263,13.3
4264,422.75
4265,100.28
4266,317.22
4267,18.11
4268,83.95
4269,317.72
4270,31.27
4271,42.58
4272,57.96
4273,665.81
4274,82.49
4275,193.64
4276,45.9
4277,317.78
4278,8.18
4279,104.61
4280,357.61
4281,174.49
4282,19.44
4283,14.16
4284,94.15
4285,5.95
4286,298.7
4287,409.39
4288,16.24
4289,134.99
4290,20.63
4291,525.4
4292,477.87
4293,208.27
4294,430.23
4295,517.94
4296,128.87
4297,19.75
4298,14.88
4299,240.54
4300,327.56
4301,363.44
4302,56.63
4303,34.05
4304,174.83
4305,467.75
4306,10.01
4307,5.3
4308,88.08
4309,300.46
4310,141.23
4311,168.72
4312,588.0
4313,410.32
4314,121.9
4315,19.71
4316,703.81
4317,72.45
4318,229.24
4319,3.47
4320,90.74
4321,299.6
4322,90.7
4323,6.74
4324,7.86
4325,118.69
4326,29.87
4327,501.42
4328,15.12
4329,14.1
4330,605.72
4331,50.63
4332,357.35
4333,2.74
4334,94.5
4335,41.83
4336,50.54
4337,120.52
4338,518.72
4339,651.78
4340,218.63
4341,53.01
4342,464.49
4343,5.91
4344,63.37
4345,37.66
4346,661.93
4347,226.42
4348,179.59
4349,36.49
4350,107.76
4351,447.35
4352,7.44
4353,239.47
4354,112.22
4355,154.73
4356,50.38
4357,338.09
4358,5.14
4359,343.55
4360,117.97
4361,162.57
4362,238.59
4363,9.84
4364,4.16
4365,141.88
4366,152.09
4367,37.76
4368,13.9
4369,352.48
4370,657.99
4371,294.79
4372,257.73
4373,100.86
4374,86.65
4375,5.4
4376,81.13
4377,172.51
4378,18.72
4379,96.15
4380,248.67
4381,86.57
4382,176.86
4383,300.1
4384,167.19
4385,345.46
4386,126.21
4387,175.61
4388,78.76
4389,24.88
4390,288.74
4391,414.8
4392,5.21
4393,178.34
4394,30.25
4395,6.12
4396,201.57
4397,2.36
4398,51.94
4399,63.92
4400,269.87
4401,191.03
4402,495.49
4403,25.09
4404,164.82
4405,6.5
4406,35.52
4407,66.24
4408,143.64
4409,221.89
4410,249.83
4411,322.94
4412,87.49
4413,79.43
4414,11.4
4415,118.63
4416,101.75
4417,707.29
4418,130.47
4419,200.31
4420,273.79
4421,788.04
4422,76.98
4423,623.27
4424,379.22
4425,4.65
4426,22.1
4427,5.65
4428,95.09
4429,246.08
4430,154.02
4431,709.66
4432,37.88
4433,46.41
4434,519.08
4435,106.96
4436,4.7
4437,115.58
4438,217.9
4439,4.95
4440,289.12
4441,214.07
4442,397.98
4443,274.92
4444,5.39
4445,414.56
4446,92.61
4447,170.25
4448,17.4
4449,29.75
4450,152.21
4451,222.77
4452,99.06
4453,179.47
4454,79.32
4455,502.2
4456,32.52
4457,5.1
4458,9.6
4459,154.97
4460,266.3
4461,485.2
4462,16.81
4463,42.92
4464,54.48
4465,500.65
4466,22.77
4467,199.53
4468,206.51
4469,41.18
4470,182.85
4471,201.88
4472,1.79
4473,7.52
4474,5.1
4475,28.69
4476,168.2
4477,134.61
4478,116.79
4479,6.99
4480,21.09
4481,160.71
4482,152.99
4483,366.43
4484,60.83
4485,7.67
4486,7.81
4487,260.93
4488,35.03
4489,3.98
4490,126.06
4491,180.2
4492,12.95
4493,16.33
4494,148.19
4495,188.26
4496,126.43
4497,160.73
4498,7.17
4499,302.91
4500,358.35
4501,672.96
4502,257.1
4503,378.12
4504,239.87
4505,134.71
4506,253.26
4507,8.22
4508,138.08
4509,307.28
4510,510.08
4511,318.17
4512,270.13
4513,43.29
4514,26.67
4515,286.9
4516,147.61
4517,203.0
4518,188.36
4519,104.32
4520,30.41
4521,73.72
4522,173.82
4523,21.8
4524,222.52
4525,704.62
4526,19.62
4527,6.73
4528,503.16
4529,207.82
4530,223.19
4531,5.73
4532,75.32
4533,42.39
4534,151.39
4535,44.78
4536,70.0
4537,267.44
4538,142.31
4539,7.2
4540,19.89
4541,342.78
4542,224.01
4543,406.4
4544,24.44
4545,503.15
4546,59.13
4547,114.44
4548,281.34
4549,113.27
4550,55.97
4551,76.66
4552,242.63
4553,32.97
4554,145.06
4555,121.36
4556,634.48
4557,287.04
4558,195.68
4559,5.57
4560,145.78
4561,8.53
4562,48.9
4563,402.45
4564,541.91
4565,134.78
4566,27.94
4567,150.82
4568,8.84
4569,22.66
4570,115.9
4571,129.21
4572,280.64
4573,363.31
4574,229.31
4575,245.6
4576,120.72
4577,168.14
4578,391.1
4579,113.59
4580,340.16
4581,376.41
4582,76.47
4583,18.57
4584,455.11
4585,264.8
4586,20.97
4587,86.31
4588,12.11
4589,143.85
4590,65.14
4591,236.0
4592,251.88
4593,9.87
4594,124.2
4595,854.49
4596,254.09
4597,6.79
4598,452.77
4599,102.58
4600,7.01
4601,107.39
4602,274.62
4603,297.88
4604,8.27
4605,7.01
4606,90.42
4607,320.2
4608,310.58
4609,287.91
4610,299.66
4611,303.26
4612,125.4
4613,250.04
4614,80.61
4615,46.47
4616,1.95
4617,145.88
4618,3.3266666666666667
4619,34.89
4620,75.9
4621,9.42
4622,222.12
4623,4.82
4624,165.97
4625,54.39
4626,141.53
4627,389.22
4628,5.93
4629,7.7
4630,186.9
4631,151.2
4632,567.67
4633,409.19
4634,108.0
4635,63.78
4636,370.38
4637,489.56
4638,189.5
4639,38.14
4640,289.09
4641,283.34
4642,16.72
4643,57.74
4644,208.21
4645,126.53
4646,107.1
4647,775.64
4648,146.09
4649,230.16
4650,218.14
4651,409.98
4652,155.38
4653,200.52
4654,5.19
4655,130.69
4656,74.87
4657,5.16
4658,141.81
4659,339.38
4660,10.47
4661,418.75
4662,3.31
4663,34.18
4664,123.76
4665,114.39
4666,340.16
4667,36.35
4668,169.59
4669,3.65
4670,138.52
4671,235.74
4672,209.4
4673,261.53
4674,15.76
4675,92.08
4676,12.21
4677,202.11
4678,7.93
4679,201.57
4680,445.02
4681,526.42
4682,577.66
4683,132.92
4684,170.04
4685,127.5
4686,398.85
4687,156.87
4688,119.92
4689,704.22
4690,5.18
4691,84.52
4692,319.32
4693,19.16
4694,194.36
4695,162.32
4696,562.27
4697,95.59
4698,104.59
4699,3.735
4700,177.6
4701,29.81
4702,726.81
4703,215.35
4704,376.37
4705,11.48
4706,758.57
4707,361.59
4708,23.46
4709,241.81
4710,7.41
4711,313.63
4712,233.1
4713,9.51
4714,84.61
4715,133.39
4716,77.95
4717,291.55
4718,135.32
4719,110.29
4720,146.81
4721,6.31
4722,37.05
4723,30.63
4724,4.89
4725,370.23
4726,11.13
4727,574.55
4728,81.49
4729,212.67
4730,782.29
4731,467.48
4732,117.09
4733,172.89
4734,5.85
4735,337.39
4736,235.97
4737,23.85
4738,99.16
4739,302.01
4740,60.26
4741,227.05
4742,31.93
4743,7.39
4744,74.72
4745,179.16
4746,243.93
4747,177.85
4748,13.11
4749,9.38
4750,454.07
4751,281.31
4752,85.9
4753,127.93
4754,26.36
4755,789.48
4756,400.39
4757,156.9
4758,101.6
4759,4.34
4760,399.14
4761,164.8
4762,652.14
4763,139.62
4764,299.66
4765,25.26
4766,336.36
4767,49.61
4768,139.82
4769,17.72
4770,155.98
4771,456.99
4772,226.72
4773,47.9
4774,354.93
4775,7.82
4776,377.91
4777,488.04
4778,512.4
4779,586.57
4780,4.04
4781,23.33
4782,195.4
4783,305.27
4784,295.89
4785,151.86
4786,131.54
4787,283.29
4788,7.83
4789,159.16
4790,166.48
4791,224.26
4792,518.56
4793,19.53
4794,115.52
4795,393.25
4796,137.57
4797,455.21
4798,31.73
4799,123.31
4800,180.2
4801,194.99
4802,27.73
4803,27.55
4804,200.52
4805,758.68
4806,74.15
4807,433.45
4808,354.66
4809,12.58
4810,333.78
4811,228.03
4812,94.37
4813,202.77
4814,250.02
4815,85.23
4816,246.58
4817,146.77
4818,173.44
4819,212.33
4820,225.61
4821,267.11
4822,465.99
4823,305.44
4824,62.71
4825,469.23
4826,3.19
4827,86.89
4828,154.19
4829,268.85
4830,448.29
4831,8.11
4832,29.73
4833,159.2
4834,81.11
4835,30.01
4836,19.91
4837,10.18
4838,11.45
4839,10.74
4840,2.16
4841,92.87
4842,434.44
4843,67.31
4844,18.31
4845,162.34
4846,37.95
4847,76.33
4848,98.76
4849,511.06
4850,515.56
4851,215.59
4852,254.62
4853,105.87
4854,831.53
4855,275.86
4856,309.7
4857,269.27
4858,180.73
4859,173.55
4860,13.58
4861,38.5
4862,5.95
4863,308.79
4864,45.23
4865,210.57
4866,18.63
4867,274.21
4868,186.69
4869,64.48
4870,488.76
4871,45.63
4872,229.86
4873,187.07
4874,87.57
4875,150.45
4876,82.62
4877,423.36
4878,5.98
4879,10.26
4880,109.56
4881,11.48
4882,124.47
4883,6.0
4884,16.59
4885,219.75
4886,49.33
4887,67.55
4888,146.83
4889,23.91
4890,91.69
4891,150.85
4892,148.24
4893,88.6
4894,9.46
4895,115.75
4896,5.23
4897,190.48
4898,11.72
4899,148.75
4900,161.91
4901,165.58
4902,140.61
4903,43.7
4904,167.63
4905,258.12
4906,237.96
4907,318.27
4908,159.47
4909,224.89
4910,132.66
4911,9.2
4912,90.72
4913,278.58
4914,314.15
4915,597.11
4916,77.59
4917,2.41
4918,88.55
4919,230.58
4920,478.27
4921,27.49
4922,116.93
4923,161.0
4924,15.14
4925,380.96
4926,320.35
4927,137.28
4928,352.69
4929,3.64
4930,48.05
4931,40.47
4932,153.07
4933,77.18
4934,38.34
4935,132.02
4936,251.9
4937,212.64
4938,79.13
4939,286.37
4940,224.34
4941,278.79
4942,2.85
4943,60.28
4944,271.74
4945,353.39
4946,172.81
4947,196.84
4948,17.01
4949,5.0
4950,181.64
4951,518.06
4952,48.93
4953,130.4
4954,15.84
4955,258.56
4956,151.82
4957,7.63
4958,115.64
4959,242.77
4960,780.81
4961,162.36
4962,13.67
4963,462.69
4964,125.48
4965,286.58
4966,93.32
4967,206.85
4968,682.29
4969,278.8
4970,343.8
4971,79.58
4972,155.0
4973,280.45
4974,12.53
4975,525.87
4976,106.35
4977,161.52
4978,519.26
4979,231.76
4980,18.16
4981,7.39
4982,5.99
4983,48.91
4984,101.14
4985,841.45
4986,248.18
4987,24.04
4988,45.72
4989,273.98
4990,136.39
4991,166.25
4992,330.62
4993,40.68
4994,188.95
4995,93.84
4996,34.84
4997,414.23
4998,237.85
4999,44.27
5000,191.85
5001,57.94
5002,792.62
5003,10.66
5004,63.64
5005,104.34
5006,30.82
5007,130.37
5008,282.38
5009,61.88
5010,305.15
5011,75.85
5012,24.25
5013,397.85
5014,54.57
5015,310.36
5016,16.88
5017,94.6
5018,154.54
5019,147.74
5020,764.78
5021,178.68
5022,6.19
5023,215.52
5024,26.45
5025,95.99
5026,264.21
5027,237.49
5028,7.5
5029,291.91
5030,151.7
5031,237.49
5032,88.65
5033,66.13
5034,158.75
5035,113.74
5036,175.82
5037,159.75
5038,327.32
5039,573.7
5040,72.19
5041,751.26
5042,285.51
5043,232.28
5044,13.09
5045,539.76
5046,25.85
5047,155.41
5048,14.99
5049,122.26
5050,216.71
5051,107.74
5052,224.37
5053,76.06
5054,142.88
5055,113.7
5056,290.35
5057,175.31
5058,23.24
5059,166.2
5060,283.78
5061,450.56
5062,26.77
5063,427.36
5064,273.54
5065,150.73
5066,355.45
5067,458.88
5068,291.74
5069,381.73
5070,63.63
5071,82.73
5072,51.74
5073,5.65
5074,833.05
5075,267.44
5076,88.29
5077,165.64
5078,198.75
5079,352.62
5080,10.24
5081,291.77
5082,185.07
5083,110.76
5084,389.98
5085,66.22
5086,247.85
5087,210.32
5088,84.47
5089,337.21
5090,791.94
5091,90.43
5092,42.87
5093,8.9
5094,40.06
5095,151.29
5096,23.8
5097,248.18
5098,95.89
5099,165.17
5100,87.04
5101,63.84
5102,231.09
5103,197.02
5104,234.5
5105,23.23
5106,379.54
5107,22.45
5108,173.5
5109,95.45
5110,10.16
5111,350.12
5112,447.11
5113,496.59
5114,571.05
5115,163.02
5116,148.84
5117,9.27
5118,179.45
5119,188.32
5120,128.21
5121,4.41
5122,173.15
5123,151.9
5124,408.4
5125,133.56
5126,6.42
5127,181.31
5128,52.28
5129,7.5
5130,234.27
5131,55.99
5132,337.22
5133,2.68
5134,80.64
5135,24.15
5136,254.39
5137,385.56
5138,89.95
5139,172.06
5140,208.55
5141,106.98
5142,60.27
5143,277.24
5144,187.12
5145,93.57
5146,373.04
5147,8.81
5148,155.46
5149,95.37
5150,163.17
5151,173.14
5152,340.19
5153,23.0
5154,18.11
5155,438.11
5156,36.66
5157,76.93
5158,300.04
5159,116.17
5160,420.05
5161,114.55
5162,157.49
5163,7.73
5164,462.71
5165,291.01
5166,68.83
5167,7.02
5168,185.48
5169,7.81
5170,357.57
5171,30.07
5172,430.29
5173,115.95
5174,143.16
5175,622.05
5176,59.1
5177,42.98
5178,843.26
5179,87.17
5180,400.96
5181,33.44
5182,134.83
5183,171.21
5184,159.32
5185,305.64
5186,100.14
5187,595.55
5188,116.85
5189,30.67
5190,184.77
5191,103.37
5192,489.31
5193,434.04
5194,399.53
5195,99.69
5196,263.05
5197,323.33
5198,182.32
5199,448.62
5200,54.15
5201,102.55
5202,173.56
5203,365.78
5204,16.42
5205,459.63
5206,40.7
5207,141.73
5208,237.17
5209,277.52
5210,43.84
5211,126.29
5212,45.51
5213,724.6
