idx,Rental bikes count
0,464.5
1,90.375
2,245.75
3,483.625
4,-84.75
5,213.0
6,267.0
7,-39.375
8,346.125
9,152.875
10,136.25
11,35.125
12,256.375
13,289.125
14,152.875
15,289.625
16,-21.125
17,354.125
18,-47.625
19,398.625
20,274.5
21,214.0
22,90.375
23,168.25
24,200.875
25,231.0
26,321.5
27,69.25
28,569.125
29,307.25
30,234.875
31,93.5
32,550.625
33,218.625
34,363.875
35,287.25
36,249.375
37,106.625
38,219.875
39,249.5
40,131.5
41,240.375
42,5.125
43,38.5
44,143.875
45,223.375
46,199.625
47,156.125
48,343.25
49,-26.875
50,87.75
51,324.625
52,252.875
53,-5.875
54,162.75
55,166.0
56,23.375
57,395.125
58,-49.625
59,151.25
60,247.75
61,166.25
62,205.25
63,67.25
64,424.375
65,372.25
66,102.625
67,195.5
68,-48.125
69,249.625
70,146.875
71,268.75
72,512.625
73,334.75
74,47.5
75,281.625
76,70.75
77,350.625
78,133.25
79,220.125
80,96.5
81,43.25
82,84.0
83,476.625
84,251.75
85,376.25
86,353.375
87,468.875
88,-31.125
89,388.5
90,157.375
91,347.125
92,18.625
93,575.625
94,350.5
95,-50.5
96,261.375
97,41.875
98,113.875
99,13.875
100,317.375
101,215.375
102,379.625
103,29.0
104,26.75
105,188.25
106,122.0
107,27.875
108,381.5
109,-114.875
110,-8.25
111,478.125
112,219.875
113,222.75
114,104.375
115,497.625
116,27.5
117,348.625
118,2.625
119,314.5
120,130.0
121,110.875
122,287.25
123,458.625
124,68.25
125,239.375
126,414.875
127,275.875
128,72.5
129,162.125
130,98.375
131,5.75
132,219.75
133,226.125
134,215.25
135,37.625
136,320.5
137,12.875
138,40.875
139,139.625
140,151.625
141,561.625
142,-14.5
143,453.125
144,113.75
145,301.375
146,-5.125
147,182.125
148,-2.0
149,297.0
150,-6.25
151,344.375
152,-113.25
153,272.125
154,250.0
155,246.375
156,338.125
157,241.125
158,441.875
159,110.0
160,237.0
161,-50.75
162,179.75
163,16.0
164,265.625
165,599.0
166,-22.125
167,204.5
168,451.25
169,303.0
170,360.5
171,352.0
172,86.375
173,427.0
174,8.0
175,376.875
176,33.5
177,97.25
178,159.0
179,298.125
180,132.875
181,242.25
182,121.875
183,-113.5
184,258.75
185,72.0
186,208.375
187,123.625
188,348.5
189,73.5
190,424.625
191,53.875
192,142.75
193,237.25
194,144.5
195,353.875
196,-37.0
197,16.0
198,281.0
199,480.5
200,140.5
201,185.125
202,484.625
203,14.25
204,-22.75
205,169.625
206,27.75
207,30.625
208,228.125
209,244.25
210,126.875
211,89.75
212,41.625
213,136.75
214,137.625
215,291.875
216,114.875
217,151.125
218,118.125
219,143.625
220,85.25
221,148.375
222,126.25
223,191.875
224,195.75
225,262.875
226,151.125
227,209.25
228,-123.0
229,348.625
230,237.125
231,38.625
232,333.625
233,68.75
234,416.0
235,147.75
236,-18.625
237,285.75
238,134.875
239,440.5
240,-10.5
241,206.25
242,171.875
243,425.75
244,291.125
245,161.625
246,282.125
247,175.125
248,10.75
249,323.25
250,268.625
251,193.625
252,353.625
253,358.75
254,-24.0
255,182.0
256,112.75
257,390.25
258,368.5
259,86.875
260,-87.5
261,326.625
262,16.5
263,-34.875
264,139.625
265,107.75
266,341.0
267,176.75
268,-8.375
269,112.5
270,474.75
271,264.25
272,195.875
273,243.625
274,78.125
275,171.125
276,336.625
277,44.625
278,26.125
279,64.625
280,-8.375
281,162.875
282,128.0
283,226.875
284,337.5
285,338.5
286,265.875
287,76.0
288,313.875
289,192.375
290,431.375
291,-121.25
292,193.875
293,397.625
294,-85.625
295,169.0
296,-131.125
297,102.875
298,332.625
299,129.625
300,123.125
301,91.125
302,550.125
303,-32.875
304,-135.25
305,-45.0
306,294.5
307,17.5
308,-59.5
309,172.875
310,430.25
311,83.25
312,184.125
313,110.75
314,254.25
315,-81.125
316,232.25
317,313.625
318,255.25
319,228.625
320,480.0
321,395.875
322,174.0
323,-11.0
324,123.0
325,63.5
326,-88.625
327,200.75
328,148.0
329,25.125
330,289.0
331,459.75
332,152.25
333,-94.875
334,315.375
335,-120.375
336,-68.375
337,483.5
338,296.0
339,293.375
340,287.25
341,320.375
342,144.75
343,184.875
344,134.125
345,445.125
346,243.5
347,-7.25
348,72.125
349,267.625
350,-10.0
351,40.0
352,48.75
353,189.125
354,307.375
355,44.125
356,198.5
357,310.25
358,59.875
359,344.375
360,16.75
361,225.0
362,91.375
363,394.625
364,40.125
365,-30.5
366,101.375
367,194.75
368,290.5
369,368.75
370,268.125
371,-89.0
372,98.125
373,580.375
374,167.25
375,308.375
376,-59.125
377,-146.25
378,178.75
379,454.25
380,-70.5
381,10.0
382,207.75
383,114.375
384,311.75
385,14.375
386,403.5
387,193.5
388,313.5
389,312.25
390,231.875
391,100.625
392,205.75
393,199.25
394,-97.375
395,464.375
396,23.0
397,221.375
398,303.0
399,305.875
400,198.375
401,346.875
402,7.125
403,209.625
404,129.875
405,199.5
406,123.75
407,176.25
408,339.0
409,-132.0
410,359.375
411,252.625
412,46.375
413,406.0
414,401.125
415,195.125
416,153.25
417,63.75
418,101.875
419,57.875
420,108.125
421,260.875
422,240.125
423,76.625
424,46.75
425,105.875
426,233.0
427,97.625
428,153.875
429,151.625
430,191.875
431,83.375
432,233.875
433,302.0
434,-74.0
435,266.625
436,244.125
437,343.5
438,302.125
439,17.375
440,221.125
441,449.5
442,253.5
443,190.125
444,99.875
445,112.0
446,-43.25
447,252.5
448,232.25
449,20.5
450,128.375
451,277.75
452,223.875
453,230.75
454,385.25
455,57.125
456,109.75
457,-108.0
458,467.375
459,449.0
460,120.875
461,272.125
462,371.75
463,172.625
464,94.625
465,187.375
466,334.75
467,218.25
468,434.5
469,228.375
470,-76.0
471,150.75
472,-31.75
473,334.0
474,236.875
475,-51.0
476,206.5
477,171.125
478,285.75
479,173.125
480,279.25
481,-10.375
482,-3.5
483,-40.25
484,302.25
485,75.0
486,294.375
487,95.0
488,63.25
489,-59.125
490,295.125
491,-54.625
492,226.25
493,225.0
494,229.875
495,219.875
496,432.625
497,104.125
498,20.375
499,87.375
500,155.875
501,222.5
502,220.625
503,46.625
504,-134.375
505,84.875
506,308.75
507,128.0
508,340.5
509,205.75
510,103.0
511,3.25
512,453.625
513,279.75
514,76.75
515,222.875
516,572.5
517,545.375
518,203.5
519,166.75
520,-4.0
521,364.375
522,194.25
523,217.375
524,231.375
525,372.875
526,74.0
527,457.875
528,172.875
529,158.125
530,81.625
531,156.625
532,-66.625
533,203.875
534,89.625
535,-64.375
536,6.25
537,266.625
538,261.875
539,315.375
540,283.75
541,-88.25
542,365.875
543,198.375
544,408.875
545,114.0
546,-18.25
547,37.25
548,246.5
549,-106.0
550,422.625
551,120.5
552,233.75
553,300.125
554,146.125
555,283.625
556,168.875
557,351.5
558,389.25
559,411.375
560,421.375
561,132.25
562,144.375
563,-82.25
564,163.875
565,273.75
566,104.125
567,397.375
568,209.875
569,407.125
570,333.5
571,-31.125
572,35.0
573,46.25
574,31.5
575,81.375
576,424.5
577,90.25
578,502.625
579,424.75
580,377.875
581,62.5
582,218.375
583,111.125
584,293.75
585,279.0
586,362.0
587,282.0
588,268.5
589,44.375
590,50.75
591,-137.25
592,252.25
593,338.875
594,189.875
595,399.375
596,136.125
597,240.125
598,-38.375
599,409.625
600,157.875
601,190.25
602,31.125
603,457.75
604,454.0
605,162.625
606,366.375
607,309.125
608,345.0
609,400.375
610,18.25
611,1.125
612,139.25
613,119.625
614,-102.125
615,11.5
616,122.5
617,334.375
618,-86.5
619,227.875
620,108.125
621,226.375
622,107.125
623,370.625
624,249.5
625,69.25
626,274.375
627,428.875
628,202.875
629,137.25
630,414.125
631,372.875
632,327.25
633,399.625
634,276.5
635,285.0
636,147.25
637,83.5
638,-54.25
639,102.5
640,140.75
641,128.375
642,-70.0
643,225.0
644,12.25
645,140.0
646,433.125
647,1.875
648,101.625
649,94.5
650,-57.125
651,41.5
652,517.375
653,203.625
654,105.125
655,374.875
656,270.5
657,146.75
658,-77.125
659,123.5
660,133.875
661,150.5
662,352.875
663,276.125
664,170.125
665,-108.5
666,173.0
667,-69.375
668,282.125
669,313.375
670,195.625
671,129.75
672,383.125
673,192.125
674,-148.0
675,604.625
676,213.125
677,243.125
678,-71.0
679,74.0
680,78.375
681,314.75
682,415.625
683,345.75
684,223.5
685,87.75
686,300.75
687,217.75
688,116.875
689,169.25
690,462.75
691,201.875
692,318.375
693,204.25
694,200.5
695,434.75
696,255.25
697,15.625
698,316.625
699,-52.0
700,26.0
701,211.0
702,8.125
703,156.0
704,178.5
705,2.75
706,282.75
707,391.125
708,39.75
709,-17.125
710,554.625
711,287.0
712,223.0
713,152.125
714,311.0
715,356.625
716,271.25
717,207.0
718,56.375
719,288.5
720,367.125
721,-93.875
722,216.625
723,335.125
724,39.375
725,175.375
726,2.0
727,160.75
728,143.5
729,418.5
730,167.375
731,44.25
732,277.0
733,232.375
734,337.375
735,34.25
736,301.0
737,185.375
738,135.5
739,345.375
740,271.875
741,605.125
742,134.125
743,208.0
744,64.375
745,120.0
746,397.0
747,105.25
748,268.375
749,-81.75
750,493.0
751,291.375
752,352.25
753,307.5
754,169.25
755,521.25
756,554.625
757,153.0
758,280.875
759,347.25
760,237.625
761,183.0
762,359.375
763,-30.625
764,95.75
765,350.5
766,273.625
767,237.125
768,405.125
769,338.75
770,298.125
771,294.875
772,74.0
773,151.5
774,466.0
775,144.25
776,332.875
777,-79.25
778,181.5
779,322.0
780,335.625
781,351.875
782,50.25
783,215.75
784,8.25
785,59.75
786,132.0
787,-99.625
788,177.5
789,452.375
790,86.625
791,-127.875
792,40.125
793,91.375
794,230.375
795,110.0
796,-126.5
797,270.0
798,279.5
799,25.625
800,81.5
801,20.25
802,27.75
803,113.75
804,262.25
805,256.0
806,267.125
807,-113.125
808,5.75
809,139.375
810,66.25
811,123.0
812,270.375
813,81.0
814,-84.875
815,8.0
816,459.625
817,134.125
818,-50.25
819,-46.5
820,-64.625
821,319.375
822,132.25
823,176.0
824,181.5
825,225.125
826,423.625
827,190.25
828,19.25
829,323.75
830,246.0
831,148.125
832,239.5
833,138.375
834,536.125
835,254.75
836,289.5
837,55.25
838,129.375
839,204.0
840,455.625
841,132.625
842,181.5
843,123.125
844,344.125
845,21.25
846,172.625
847,126.875
848,212.25
849,251.125
850,142.125
851,506.0
852,103.0
853,215.125
854,95.125
855,18.875
856,197.875
857,403.5
858,338.375
859,322.0
860,184.25
861,167.625
862,459.375
863,62.25
864,-79.5
865,-50.375
866,123.5
867,392.875
868,464.25
869,323.625
870,57.125
871,0.625
872,291.875
873,366.125
874,112.375
875,44.0
876,328.75
877,382.25
878,479.375
879,225.125
880,219.5
881,34.25
882,256.625
883,1.125
884,-40.0
885,276.5
886,216.25
887,258.375
888,332.875
889,398.5
890,347.375
891,199.0
892,289.5
893,309.25
894,72.5
895,68.125
896,239.625
897,45.5
898,294.625
899,170.5
900,568.75
901,163.625
902,77.125
903,297.875
904,106.625
905,166.75
906,338.125
907,537.625
908,370.5
909,146.625
910,328.625
911,159.625
912,222.75
913,-10.75
914,-119.0
915,358.0
916,312.25
917,226.125
918,337.5
919,180.75
920,65.625
921,92.75
922,-86.25
923,385.25
924,148.375
925,172.125
926,115.625
927,260.375
928,-2.75
929,447.0
930,374.75
931,222.875
932,175.875
933,30.75
934,175.125
935,202.75
936,302.125
937,184.625
938,17.875
939,64.25
940,393.0
941,240.125
942,361.375
943,-14.625
944,223.625
945,58.75
946,197.625
947,61.625
948,136.375
949,229.375
950,103.375
951,307.5
952,135.75
953,196.625
954,293.5
955,299.5
956,351.625
957,16.25
958,268.125
959,179.625
960,218.5
961,193.375
962,153.625
963,111.875
964,372.75
965,350.625
966,142.75
967,-61.875
968,92.25
969,350.125
970,251.125
971,-18.75
972,237.5
973,434.75
974,419.375
975,2.125
976,73.25
977,48.875
978,73.5
979,-100.875
980,433.625
981,158.125
982,102.125
983,104.5
984,-2.375
985,-10.625
986,-13.5
987,290.5
988,68.125
989,68.0
990,119.875
991,113.875
992,333.375
993,-77.125
994,365.375
995,230.0
996,168.5
997,107.375
998,418.625
999,213.375
1000,270.875
1001,161.5
1002,115.875
1003,259.25
1004,147.625
1005,79.25
1006,186.375
1007,132.125
1008,70.125
1009,98.875
1010,114.625
1011,-87.625
1012,376.375
1013,141.625
1014,194.125
1015,369.125
1016,145.125
1017,190.375
1018,85.25
1019,83.75
1020,224.5
1021,265.375
1022,495.25
1023,253.375
1024,47.125
1025,56.75
1026,160.125
1027,117.875
1028,490.5
1029,138.5
1030,390.5
1031,182.875
1032,106.875
1033,133.75
1034,5.875
1035,86.5
1036,114.375
1037,48.125
1038,-23.625
1039,-135.5
1040,320.125
1041,-4.375
1042,271.5
1043,30.625
1044,218.25
1045,186.0
1046,60.75
1047,134.375
1048,117.375
1049,-52.25
1050,271.0
1051,203.25
1052,337.0
1053,263.25
1054,312.375
1055,338.625
1056,-127.0
1057,235.75
1058,141.125
1059,-125.25
1060,164.625
1061,414.625
1062,210.75
1063,126.875
1064,273.75
1065,79.625
1066,336.875
1067,435.875
1068,92.75
1069,138.875
1070,-117.0
1071,186.25
1072,155.0
1073,346.875
1074,243.0
1075,111.0
1076,427.875
1077,184.0
1078,-65.125
1079,361.75
1080,404.375
1081,83.25
1082,29.25
1083,-36.625
1084,212.125
1085,155.75
1086,167.0
1087,265.75
1088,355.125
1089,199.25
1090,562.25
1091,588.625
1092,118.5
1093,148.625
1094,47.125
1095,22.75
1096,203.625
1097,234.75
1098,175.625
1099,331.875
1100,312.25
1101,470.875
1102,100.0
1103,-69.5
1104,394.375
1105,-17.125
1106,248.125
1107,230.75
1108,309.875
1109,267.5
1110,47.75
1111,150.375
1112,610.125
1113,495.375
1114,326.5
1115,186.375
1116,188.75
1117,103.125
1118,37.625
1119,186.0
1120,156.0
1121,158.625
1122,186.875
1123,29.5
1124,221.25
1125,133.625
1126,133.75
1127,284.125
1128,10.25
1129,36.25
1130,513.375
1131,227.375
1132,104.0
1133,371.625
1134,25.625
1135,188.375
1136,45.0
1137,234.5
1138,249.25
1139,102.75
1140,370.5
1141,111.875
1142,233.5
1143,338.875
1144,11.75
1145,367.75
1146,10.5
1147,97.125
1148,130.0
1149,207.0
1150,417.375
1151,222.625
1152,362.5
1153,191.5
1154,177.5
1155,14.875
1156,-22.5
1157,325.0
1158,385.5
1159,162.5
1160,128.875
1161,316.625
1162,121.25
1163,294.125
1164,-9.75
1165,254.625
1166,177.125
1167,190.625
1168,226.5
1169,291.375
1170,219.5
1171,109.625
1172,390.25
1173,28.25
1174,153.5
1175,-16.75
1176,341.125
1177,234.875
1178,542.375
1179,210.5
1180,143.875
1181,-75.625
1182,223.625
1183,77.5
1184,129.25
1185,157.25
1186,153.125
1187,-77.375
1188,350.125
1189,274.625
1190,-62.375
1191,468.625
1192,197.875
1193,132.875
1194,303.0
1195,375.75
1196,128.125
1197,133.125
1198,134.125
1199,-66.75
1200,234.25
1201,159.75
1202,1.875
1203,168.625
1204,238.25
1205,237.125
1206,241.25
1207,70.375
1208,342.5
1209,337.625
1210,88.875
1211,337.375
1212,268.625
1213,326.0
1214,9.5
1215,-121.25
1216,335.25
1217,-62.125
1218,492.0
1219,241.5
1220,202.5
1221,135.25
1222,-8.375
1223,334.625
1224,298.25
1225,314.125
1226,89.5
1227,171.0
1228,142.5
1229,151.625
1230,-30.25
1231,78.0
1232,376.5
1233,86.5
1234,248.25
1235,484.875
1236,301.875
1237,127.75
1238,85.5
1239,524.375
1240,-5.75
1241,245.0
1242,336.625
1243,441.25
1244,295.5
1245,191.625
1246,460.25
1247,106.75
1248,275.375
1249,217.625
1250,149.75
1251,90.625
1252,199.625
1253,238.375
1254,248.5
1255,140.5
1256,206.5
1257,8.125
1258,226.0
1259,274.25
1260,-8.75
1261,277.25
1262,-17.875
1263,238.875
1264,571.625
1265,195.75
1266,268.375
1267,235.625
1268,193.125
1269,81.0
1270,391.25
1271,28.25
1272,184.125
1273,578.5
1274,3.875
1275,0.875
1276,243.375
1277,-158.5
1278,261.25
1279,216.75
1280,52.0
1281,42.0
1282,180.25
1283,335.25
1284,219.75
1285,94.875
1286,275.5
1287,267.0
1288,489.625
1289,251.875
1290,7.625
1291,3.75
1292,79.875
1293,278.625
1294,49.25
1295,575.5
1296,183.125
1297,321.75
1298,245.625
1299,299.5
1300,127.125
1301,465.75
1302,97.5
1303,25.5
1304,-121.25
1305,218.875
1306,-117.5
1307,31.0
1308,247.5
1309,275.0
1310,128.625
1311,45.875
1312,215.5
1313,324.375
1314,145.0
1315,234.125
1316,360.25
1317,87.875
1318,19.875
1319,196.375
1320,-7.125
1321,371.25
1322,110.25
1323,385.375
1324,458.5
1325,40.125
1326,358.875
1327,157.625
1328,276.5
1329,318.625
1330,337.75
1331,631.625
1332,45.125
1333,286.0
1334,0.125
1335,304.75
1336,460.25
1337,379.125
1338,109.75
1339,73.0
1340,99.375
1341,128.125
1342,145.125
1343,341.5
1344,107.75
1345,90.125
1346,59.75
1347,484.375
1348,433.375
1349,99.125
1350,331.625
1351,45.75
1352,336.875
1353,54.625
1354,473.25
1355,-60.0
1356,46.375
1357,333.25
1358,-129.375
1359,198.625
1360,128.25
1361,150.625
1362,336.875
1363,475.125
1364,220.625
1365,114.625
1366,72.375
1367,5.75
1368,165.25
1369,452.875
1370,333.25
1371,251.75
1372,236.5
1373,129.375
1374,78.0
1375,431.375
1376,266.375
1377,375.375
1378,12.25
1379,108.0
1380,352.875
1381,-38.0
1382,226.25
1383,147.125
1384,308.25
1385,87.625
1386,98.125
1387,95.375
1388,303.125
1389,378.5
1390,95.125
1391,470.25
1392,91.125
1393,-51.375
1394,153.375
1395,157.625
1396,454.5
1397,246.5
1398,49.25
1399,26.625
1400,113.25
1401,146.25
1402,244.75
1403,-29.875
1404,61.625
1405,64.875
1406,297.25
1407,287.5
1408,36.75
1409,226.0
1410,7.875
1411,496.25
1412,-129.25
1413,177.75
1414,299.625
1415,360.125
1416,469.625
1417,295.125
1418,321.875
1419,389.125
1420,317.125
1421,275.75
1422,235.375
1423,13.125
1424,301.25
1425,188.5
1426,309.0
1427,-11.75
1428,161.375
1429,179.375
1430,-74.25
1431,123.875
1432,211.75
1433,314.875
1434,90.625
1435,-34.25
1436,18.625
1437,-29.0
1438,100.25
1439,116.25
1440,412.875
1441,74.375
1442,188.375
1443,428.0
1444,206.625
1445,-53.5
1446,193.5
1447,284.75
1448,-43.125
1449,490.875
1450,-28.5
1451,46.125
1452,230.625
1453,120.5
1454,365.75
1455,-83.625
1456,247.125
1457,236.0
1458,394.375
1459,-9.375
1460,257.375
1461,231.625
1462,165.75
1463,100.875
1464,68.875
1465,107.125
1466,491.5
1467,-14.5
1468,40.875
1469,123.25
1470,-12.0
1471,374.25
1472,267.125
1473,324.75
1474,239.0
1475,229.75
1476,223.125
1477,309.875
1478,161.5
1479,415.375
1480,243.125
1481,470.75
1482,-102.625
1483,147.25
1484,219.875
1485,115.75
1486,232.25
1487,2.0
1488,8.75
1489,250.75
1490,347.0
1491,22.5
1492,337.75
1493,36.125
1494,250.375
1495,284.125
1496,-2.375
1497,-59.5
1498,466.5
1499,369.375
1500,332.625
1501,-67.25
1502,185.875
1503,366.625
1504,234.5
1505,98.125
1506,61.5
1507,264.875
1508,-13.125
1509,77.25
1510,55.5
1511,17.75
1512,288.625
1513,301.375
1514,29.375
1515,56.125
1516,103.25
1517,-94.375
1518,-64.875
1519,223.125
1520,179.375
1521,67.25
1522,104.0
1523,279.875
1524,333.75
1525,109.375
1526,260.75
1527,263.375
1528,236.125
1529,452.875
1530,352.625
1531,234.75
1532,496.375
1533,327.0
1534,333.875
1535,126.0
1536,35.25
1537,227.5
1538,184.25
1539,128.25
1540,94.125
1541,392.0
1542,320.0
1543,64.75
1544,31.0
1545,124.0
1546,344.875
1547,482.625
1548,323.875
1549,164.75
1550,270.0
1551,364.75
1552,-21.875
1553,247.75
1554,189.0
1555,367.5
1556,181.875
1557,311.875
1558,216.875
1559,256.375
1560,129.375
1561,153.0
1562,4.5
1563,134.625
1564,101.125
1565,251.0
1566,266.375
1567,328.5
1568,349.875
1569,21.5
1570,136.625
1571,474.125
1572,74.5
1573,374.75
1574,252.25
1575,1.5
1576,323.625
1577,413.375
1578,157.25
1579,-74.75
1580,120.125
1581,21.0
1582,235.0
1583,206.0
1584,70.25
1585,452.375
1586,216.75
1587,-68.5
1588,225.25
1589,19.875
1590,295.375
1591,314.75
1592,27.625
1593,209.625
1594,369.125
1595,298.0
1596,-3.5
1597,304.875
1598,321.5
1599,205.25
1600,216.125
1601,-34.125
1602,217.375
1603,110.5
1604,77.75
1605,458.875
1606,181.5
1607,165.25
1608,124.625
1609,395.625
1610,201.75
1611,75.0
1612,93.125
1613,202.125
1614,101.875
1615,-14.25
1616,269.5
1617,372.25
1618,456.75
1619,251.75
1620,87.625
1621,417.5
1622,216.125
1623,65.5
1624,-104.125
1625,156.5
1626,108.5
1627,-13.5
1628,203.5
1629,167.625
1630,26.125
1631,-13.75
1632,75.125
1633,297.625
1634,-34.5
1635,134.25
1636,28.25
1637,237.75
1638,145.0
1639,92.75
1640,-119.0
1641,186.25
1642,317.875
1643,239.0
1644,274.375
1645,55.0
1646,-99.625
1647,321.875
1648,436.375
1649,486.75
1650,198.75
1651,163.875
1652,368.0
1653,327.875
1654,-59.5
1655,621.0
1656,111.875
1657,119.75
1658,-80.875
1659,338.75
1660,435.875
1661,1.875
1662,240.25
1663,26.875
1664,397.25
1665,247.0
1666,-99.375
1667,-15.5
1668,195.375
1669,261.75
1670,18.25
1671,408.625
1672,-142.0
1673,46.625
1674,102.25
1675,343.375
1676,345.5
1677,128.75
1678,-92.5
1679,328.75
1680,200.125
1681,448.0
1682,402.75
1683,382.125
1684,256.75
1685,428.75
1686,477.375
1687,20.75
1688,135.0
1689,305.0
1690,381.875
1691,238.75
1692,-67.375
1693,198.375
1694,-1.375
1695,179.0
1696,322.375
1697,355.875
1698,190.625
1699,93.0
1700,319.0
1701,12.0
1702,383.625
1703,215.25
1704,378.125
1705,-73.25
1706,19.0
1707,433.0
1708,236.0
1709,204.5
1710,192.875
1711,2.125
1712,177.25
1713,59.375
1714,297.5
1715,380.75
1716,170.0
1717,302.375
1718,492.0
1719,154.375
1720,75.5
1721,-3.5
1722,237.5
1723,-96.875
1724,352.625
1725,229.0
1726,158.75
1727,364.125
1728,150.625
1729,79.75
1730,69.375
1731,482.25
1732,165.0
1733,159.625
1734,277.875
1735,58.75
1736,354.625
1737,284.375
1738,92.625
1739,345.25
1740,364.5
1741,327.875
1742,516.125
1743,95.375
1744,416.375
1745,183.0
1746,211.5
1747,-27.75
1748,373.0
1749,77.875
1750,-86.375
1751,248.0
1752,16.625
1753,366.0
1754,-5.75
1755,276.125
1756,-32.875
1757,426.625
1758,167.25
1759,300.125
1760,-18.625
1761,257.25
1762,108.125
1763,126.0
1764,150.625
1765,103.5
1766,111.25
1767,246.875
1768,-21.5
1769,11.0
1770,565.875
1771,155.25
1772,455.625
1773,22.25
1774,216.0
1775,231.875
1776,263.5
1777,250.75
1778,-83.875
1779,133.0
1780,398.75
1781,197.875
1782,112.0
1783,-5.5
1784,96.625
1785,263.375
1786,439.375
1787,283.25
1788,239.0
1789,443.875
1790,149.75
1791,66.25
1792,350.375
1793,310.125
1794,198.375
1795,354.125
1796,-105.625
1797,278.75
1798,338.75
1799,164.75
1800,121.875
1801,0.0
1802,385.125
1803,574.375
1804,262.5
1805,398.125
1806,331.875
1807,287.25
1808,-29.375
1809,223.25
1810,320.625
1811,292.125
1812,244.375
1813,200.375
1814,60.625
1815,224.875
1816,163.625
1817,163.5
1818,-11.375
1819,-37.125
1820,304.5
1821,49.125
1822,76.75
1823,271.125
1824,379.625
1825,47.0
1826,173.75
1827,177.0
1828,-18.625
1829,33.625
1830,180.125
1831,252.875
1832,366.875
1833,45.0
1834,452.75
1835,335.0
1836,76.25
1837,30.375
1838,194.5
1839,88.125
1840,179.125
1841,116.875
1842,261.625
1843,212.0
1844,577.875
1845,18.125
1846,4.25
1847,427.25
1848,237.125
1849,546.375
1850,305.25
1851,361.375
1852,241.625
1853,448.5
1854,341.75
1855,174.375
1856,76.375
1857,294.0
1858,257.75
1859,45.125
1860,391.375
1861,56.25
1862,253.0
1863,368.125
1864,-1.25
1865,155.625
1866,278.25
1867,152.375
1868,83.375
1869,187.875
1870,324.375
1871,72.625
1872,172.375
1873,-185.5
1874,175.75
1875,84.75
1876,257.375
1877,146.375
1878,182.25
1879,306.875
1880,508.875
1881,239.625
1882,71.625
1883,84.375
1884,83.5
1885,112.375
1886,45.0
1887,254.25
1888,111.375
1889,248.625
1890,32.125
1891,334.125
1892,126.875
1893,61.875
1894,-149.5
1895,-56.5
1896,-16.375
1897,-27.5
1898,199.375
1899,70.375
1900,436.375
1901,206.875
1902,4.5
1903,287.0
1904,173.75
1905,308.25
1906,149.625
1907,226.5
1908,-23.625
1909,-45.625
1910,543.375
1911,366.875
1912,89.0
1913,-136.875
1914,224.125
1915,-12.0
1916,443.625
1917,51.875
1918,129.875
1919,173.5
1920,224.625
1921,383.75
1922,186.0
1923,46.875
1924,134.25
1925,140.0
1926,224.875
1927,291.125
1928,62.0
1929,161.375
1930,192.625
1931,152.875
1932,44.0
1933,256.625
1934,99.875
1935,-16.375
1936,499.75
1937,233.5
1938,148.0
1939,591.5
1940,163.25
1941,97.0
1942,-38.0
1943,474.875
1944,170.625
1945,187.25
1946,132.375
1947,390.625
1948,40.875
1949,115.875
1950,233.625
1951,340.375
1952,112.0
1953,464.75
1954,178.0
1955,228.375
1956,0.875
1957,317.0
1958,315.375
1959,242.5
1960,132.5
1961,211.5
1962,-90.0
1963,303.875
1964,369.25
1965,305.5
1966,82.5
1967,329.625
1968,-16.875
1969,-94.375
1970,-101.625
1971,68.5
1972,-86.375
1973,56.625
1974,-134.25
1975,191.125
1976,-1.375
1977,319.25
1978,-62.0
1979,279.0
1980,519.75
1981,303.125
1982,267.625
1983,201.375
1984,97.625
1985,127.0
1986,240.75
1987,295.0
1988,219.5
1989,64.125
1990,94.0
1991,-55.625
1992,6.875
1993,349.125
1994,588.125
1995,149.875
1996,35.5
1997,201.5
1998,335.875
1999,217.375
2000,491.125
2001,110.75
2002,283.375
2003,232.75
2004,141.25
2005,364.875
2006,359.125
2007,310.875
2008,-67.375
2009,145.875
2010,225.0
2011,97.125
2012,183.25
2013,293.625
2014,113.625
2015,70.375
2016,104.875
2017,273.5
2018,70.75
2019,340.25
2020,181.5
2021,16.625
2022,441.0
2023,129.625
2024,289.5
2025,155.75
2026,89.0
2027,101.5
2028,301.75
2029,167.875
2030,70.0
2031,116.0
2032,388.0
2033,162.375
2034,268.125
2035,30.25
2036,391.75
2037,341.375
2038,283.5
2039,196.625
2040,36.5
2041,427.25
2042,112.125
2043,131.0
2044,265.25
2045,-27.5
2046,226.625
2047,270.875
2048,123.75
2049,352.875
2050,170.0
2051,4.375
2052,-8.375
2053,104.5
2054,315.25
2055,80.875
2056,4.0
2057,310.375
2058,181.5
2059,-3.375
2060,369.875
2061,125.25
2062,-104.75
2063,181.5
2064,202.75
2065,216.75
2066,248.375
2067,246.5
2068,39.125
2069,176.75
2070,174.375
2071,23.5
2072,-0.5
2073,176.875
2074,136.375
2075,347.875
2076,-104.625
2077,441.5
2078,185.25
2079,253.75
2080,-0.625
2081,102.625
2082,17.375
2083,152.25
2084,145.0
2085,182.625
2086,316.25
2087,337.0
2088,538.125
2089,280.5
2090,36.5
2091,228.125
2092,236.25
2093,234.125
2094,84.25
2095,10.25
2096,-65.375
2097,193.625
2098,118.125
2099,104.125
2100,113.125
2101,124.25
2102,190.125
2103,294.375
2104,389.75
2105,79.75
2106,380.125
2107,-159.0
2108,245.75
2109,179.25
2110,224.5
2111,31.75
2112,396.75
2113,247.375
2114,385.25
2115,95.875
2116,228.75
2117,78.625
2118,369.875
2119,-32.0
2120,247.875
2121,336.375
2122,-74.5
2123,493.875
2124,357.875
2125,42.375
2126,314.875
2127,-18.5
2128,295.0
2129,237.5
2130,372.5
2131,-5.125
2132,339.25
2133,334.25
2134,498.0
2135,433.625
2136,49.375
2137,330.625
2138,263.0
2139,285.875
2140,172.875
2141,33.875
2142,218.125
2143,578.375
2144,139.0
2145,143.75
2146,370.875
2147,330.125
2148,142.25
2149,174.375
2150,29.0
2151,138.375
2152,78.25
2153,376.125
2154,377.375
2155,93.25
2156,108.875
2157,273.25
2158,295.875
2159,-27.125
2160,373.75
2161,99.125
2162,-5.25
2163,532.5
2164,300.5
2165,168.875
2166,126.75
2167,137.75
2168,223.0
2169,14.25
2170,177.625
2171,160.375
2172,316.625
2173,507.125
2174,45.25
2175,439.5
2176,110.25
2177,118.625
2178,310.375
2179,413.5
2180,276.0
2181,123.875
2182,48.75
2183,-33.625
2184,11.875
2185,18.75
2186,-133.375
2187,326.875
2188,191.0
2189,232.5
2190,373.625
2191,381.75
2192,196.75
2193,537.5
2194,258.625
2195,14.375
2196,257.625
2197,207.375
2198,0.625
2199,-83.125
2200,101.125
2201,285.5
2202,274.625
2203,340.625
2204,260.0
2205,140.25
2206,378.0
2207,58.0
2208,334.625
2209,-63.375
2210,394.75
2211,162.875
2212,458.875
2213,270.875
2214,271.5
2215,95.25
2216,213.625
2217,22.375
2218,207.25
2219,144.625
2220,179.625
2221,5.125
2222,271.5
2223,203.125
2224,-25.125
2225,243.125
2226,299.875
2227,198.875
2228,354.625
2229,-41.5
2230,63.125
2231,223.75
2232,42.0
2233,366.75
2234,312.25
2235,344.875
2236,294.0
2237,259.375
2238,96.375
2239,119.75
2240,-10.75
2241,517.125
2242,-74.375
2243,-8.875
2244,37.625
2245,45.25
2246,115.0
2247,367.0
2248,287.125
2249,216.25
2250,383.75
2251,-34.125
2252,374.5
2253,279.625
2254,275.25
2255,181.125
2256,251.25
2257,168.375
2258,119.375
2259,-83.375
2260,224.75
2261,264.875
2262,439.375
2263,342.0
2264,343.875
2265,260.125
2266,92.375
2267,339.5
2268,12.875
2269,137.625
2270,127.125
2271,66.5
2272,103.75
2273,366.625
2274,-97.125
2275,217.125
2276,218.625
2277,154.75
2278,141.75
2279,23.375
2280,400.625
2281,-77.25
2282,321.75
2283,395.75
2284,-0.25
2285,507.25
2286,316.25
2287,134.125
2288,241.0
2289,408.75
2290,-26.375
2291,72.25
2292,235.125
2293,90.125
2294,-148.625
2295,480.25
2296,334.625
2297,425.125
2298,-5.875
2299,460.375
2300,63.375
2301,189.625
2302,83.625
2303,586.875
2304,181.375
2305,-47.875
2306,411.875
2307,237.75
2308,202.375
2309,97.0
2310,431.375
2311,275.125
2312,145.75
2313,275.0
2314,124.75
2315,-12.75
2316,337.75
2317,276.875
2318,282.875
2319,373.875
2320,352.375
2321,339.625
2322,-2.0
2323,107.75
2324,56.125
2325,479.875
2326,63.875
2327,297.0
2328,223.25
2329,62.25
2330,318.375
2331,271.625
2332,172.625
2333,225.5
2334,90.375
2335,148.0
2336,168.125
2337,313.625
2338,248.0
2339,468.75
2340,101.375
2341,146.25
2342,293.25
2343,203.25
2344,141.625
2345,307.0
2346,153.625
2347,126.75
2348,114.0
2349,211.125
2350,292.625
2351,325.5
2352,213.625
2353,112.125
2354,271.125
2355,101.25
2356,187.875
2357,393.625
2358,216.125
2359,322.625
2360,438.375
2361,174.375
2362,25.75
2363,21.875
2364,14.0
2365,262.5
2366,222.25
2367,445.25
2368,138.375
2369,177.125
2370,238.875
2371,489.375
2372,311.625
2373,18.0
2374,366.625
2375,42.375
2376,282.25
2377,238.75
2378,181.875
2379,-55.5
2380,236.125
2381,-103.0
2382,224.5
2383,-102.875
2384,322.0
2385,133.125
2386,318.625
2387,118.625
2388,176.0
2389,124.375
2390,-149.125
2391,181.5
2392,154.5
2393,-101.125
2394,6.0
2395,85.0
2396,297.375
2397,-88.625
2398,211.375
2399,405.875
2400,175.625
2401,395.375
2402,164.25
2403,155.375
2404,36.125
2405,18.125
2406,132.625
2407,132.125
2408,131.5
2409,-62.625
2410,147.875
2411,515.0
2412,93.0
2413,-92.375
2414,110.375
2415,229.875
2416,120.25
2417,148.875
2418,438.75
2419,59.375
2420,65.875
2421,225.25
2422,256.5
2423,82.625
2424,67.5
2425,266.625
2426,166.25
2427,170.5
2428,44.375
2429,155.625
2430,89.125
2431,410.75
2432,508.375
2433,70.5
2434,126.5
2435,89.5
2436,44.5
2437,213.125
2438,290.75
2439,450.75
2440,296.875
2441,408.375
2442,10.75
2443,453.375
2444,482.5
2445,342.0
2446,111.25
2447,148.625
2448,315.625
2449,222.375
2450,31.75
2451,127.875
2452,121.625
2453,99.375
2454,203.75
2455,124.375
2456,22.125
2457,139.75
2458,180.875
2459,201.5
2460,98.5
2461,336.875
2462,63.0
2463,-3.875
2464,273.875
2465,84.875
2466,445.125
2467,305.875
2468,426.125
2469,156.25
2470,-18.25
2471,183.5
2472,-41.0
2473,218.125
2474,84.5
2475,388.5
2476,273.375
2477,237.375
2478,202.25
2479,183.5
2480,58.625
2481,252.625
2482,123.875
2483,507.75
2484,301.625
2485,101.75
2486,169.25
2487,-48.625
2488,160.875
2489,577.5
2490,62.375
2491,99.25
2492,276.625
2493,-23.625
2494,245.875
2495,246.75
2496,-107.0
2497,-43.5
2498,272.125
2499,-126.75
2500,-51.625
2501,-8.25
2502,181.375
2503,467.375
2504,32.625
2505,335.125
2506,135.25
2507,221.75
2508,341.375
2509,170.75
2510,272.75
2511,225.75
2512,385.75
2513,389.875
2514,96.75
2515,242.625
2516,118.125
2517,116.875
2518,293.25
2519,335.75
2520,323.5
2521,-12.875
2522,97.0
2523,350.5
2524,290.375
2525,-108.125
2526,216.625
2527,10.375
2528,286.5
2529,409.875
2530,-20.5
2531,149.0
2532,-56.5
2533,172.625
2534,451.375
2535,249.875
2536,9.5
2537,296.125
2538,171.5
2539,142.375
2540,78.625
2541,229.125
2542,248.875
2543,208.75
2544,164.125
2545,-0.625
2546,449.875
2547,314.125
2548,33.125
2549,412.875
2550,152.5
2551,22.875
2552,154.25
2553,400.375
2554,301.25
2555,197.875
2556,129.75
2557,77.125
2558,-109.875
2559,122.25
2560,462.25
2561,183.375
2562,36.0
2563,86.0
2564,226.375
2565,222.375
2566,352.5
2567,182.125
2568,351.625
2569,288.625
2570,389.125
2571,431.375
2572,177.75
2573,144.0
2574,183.375
2575,164.5
2576,32.125
2577,50.0
2578,315.625
2579,22.125
2580,263.75
2581,532.875
2582,-105.625
2583,49.875
2584,-129.875
2585,121.875
2586,363.75
2587,185.25
2588,261.375
2589,129.75
2590,28.5
2591,303.375
2592,-3.0
2593,140.25
2594,315.625
2595,297.25
2596,38.375
2597,84.75
2598,62.625
2599,201.5
2600,219.375
2601,-134.0
2602,315.25
2603,117.375
2604,189.5
2605,581.125
2606,286.625
2607,195.75
2608,168.375
2609,428.375
2610,220.0
2611,-79.5
2612,215.0
2613,143.625
2614,202.25
2615,3.875
2616,100.75
2617,268.875
2618,329.75
2619,-30.625
2620,467.5
2621,456.875
2622,259.125
2623,374.25
2624,122.125
2625,316.75
2626,344.5
2627,215.75
2628,438.875
2629,583.875
2630,272.625
2631,190.625
2632,64.125
2633,119.125
2634,49.125
2635,-55.75
2636,378.0
2637,196.25
2638,-19.375
2639,-56.75
2640,127.75
2641,178.75
2642,336.875
2643,328.375
2644,313.875
2645,171.375
2646,225.125
2647,64.625
2648,200.125
2649,138.25
2650,165.875
2651,404.375
2652,477.875
2653,190.25
2654,188.375
2655,62.5
2656,272.5
2657,216.375
2658,271.875
2659,263.125
2660,24.625
2661,272.75
2662,317.875
2663,120.75
2664,91.125
2665,526.0
2666,192.125
2667,201.125
2668,39.125
2669,169.5
2670,189.25
2671,173.0
2672,457.125
2673,346.75
2674,31.375
2675,0.875
2676,245.125
2677,266.875
2678,119.375
2679,311.875
2680,15.5
2681,98.25
2682,127.75
2683,205.375
2684,92.75
2685,272.625
2686,-102.0
2687,300.125
2688,430.0
2689,60.75
2690,219.125
2691,187.125
2692,260.0
2693,288.5
2694,301.625
2695,-19.125
2696,309.375
2697,300.5
2698,88.0
2699,333.125
2700,118.0
2701,374.375
2702,293.5
2703,59.125
2704,-120.875
2705,47.875
2706,-152.375
2707,10.625
2708,193.375
2709,212.25
2710,210.125
2711,143.75
2712,321.875
2713,296.625
2714,359.5
2715,388.125
2716,413.625
2717,-10.875
2718,208.25
2719,-4.125
2720,-1.625
2721,22.5
2722,121.625
2723,208.5
2724,426.75
2725,251.125
2726,199.0
2727,254.5
2728,189.5
2729,123.375
2730,51.375
2731,5.5
2732,276.375
2733,-53.75
2734,7.5
2735,270.5
2736,576.75
2737,183.75
2738,81.0
2739,233.125
2740,-134.5
2741,180.875
2742,322.5
2743,30.25
2744,252.125
2745,353.25
2746,5.375
2747,236.75
2748,95.625
2749,443.375
2750,256.25
2751,113.0
2752,296.0
2753,165.875
2754,264.75
2755,301.875
2756,298.5
2757,207.5
2758,135.375
2759,133.0
2760,226.0
2761,366.125
2762,-7.125
2763,-13.0
2764,171.75
2765,474.625
2766,133.75
2767,303.875
2768,-38.125
2769,318.0
2770,294.75
2771,138.75
2772,476.625
2773,232.25
2774,322.375
2775,-112.625
2776,140.625
2777,291.25
2778,243.375
2779,236.875
2780,286.125
2781,439.25
2782,188.75
2783,285.5
2784,233.75
2785,372.25
2786,-65.75
2787,200.125
2788,74.625
2789,-1.5
2790,129.125
2791,232.625
2792,210.5
2793,205.0
2794,192.25
2795,504.5
2796,381.75
2797,381.0
2798,427.875
2799,149.375
2800,143.5
2801,117.25
2802,410.25
2803,184.125
2804,384.25
2805,296.125
2806,294.0
2807,384.0
2808,107.625
2809,311.0
2810,117.0
2811,475.25
2812,381.625
2813,160.25
2814,23.875
2815,156.25
2816,-61.5
2817,328.875
2818,-81.5
2819,314.0
2820,184.875
2821,25.375
2822,304.875
2823,189.75
2824,212.375
2825,219.75
2826,74.25
2827,154.25
2828,231.875
2829,-82.25
2830,140.0
2831,90.75
2832,531.875
2833,149.25
2834,394.125
2835,248.375
2836,106.75
2837,411.0
2838,-9.0
2839,-41.625
2840,224.625
2841,553.375
2842,309.5
2843,-37.25
2844,85.5
2845,4.375
2846,366.5
2847,94.5
2848,273.875
2849,268.625
2850,59.25
2851,189.25
2852,-102.875
2853,493.125
2854,174.875
2855,158.5
2856,458.0
2857,-187.5
2858,246.25
2859,24.25
2860,488.75
2861,276.125
2862,26.125
2863,209.125
2864,219.25
2865,13.75
2866,167.125
2867,3.75
2868,346.5
2869,306.125
2870,-90.25
2871,159.375
2872,26.5
2873,249.125
2874,532.125
2875,38.5
2876,115.5
2877,57.375
2878,308.125
2879,156.25
2880,324.5
2881,525.5
2882,112.0
2883,-19.875
2884,169.375
2885,74.25
2886,218.25
2887,193.125
2888,-84.625
2889,189.0
2890,194.75
2891,43.75
2892,102.25
2893,-78.0
2894,216.75
2895,152.5
2896,534.875
2897,277.25
2898,152.875
2899,87.625
2900,106.375
2901,8.25
2902,333.25
2903,106.125
2904,264.625
2905,516.375
2906,188.125
2907,120.875
2908,507.625
2909,302.5
2910,11.25
2911,308.125
2912,181.5
2913,110.0
2914,-17.5
2915,84.25
2916,167.625
2917,199.375
2918,25.375
2919,172.25
2920,205.25
2921,164.75
2922,112.875
2923,199.75
2924,97.5
2925,259.125
2926,189.125
2927,356.875
2928,30.875
2929,357.375
2930,163.375
2931,200.625
2932,241.5
2933,283.125
2934,35.375
2935,202.375
2936,211.5
2937,164.25
2938,-87.625
2939,240.375
2940,-100.625
2941,156.75
2942,295.125
2943,287.25
2944,323.375
2945,557.125
2946,256.125
2947,-1.5
2948,250.5
2949,251.0
2950,113.375
2951,243.625
2952,3.375
2953,246.25
2954,398.25
2955,482.5
2956,-29.5
2957,96.375
2958,102.375
2959,353.875
2960,361.125
2961,253.125
2962,370.375
2963,246.5
2964,108.5
2965,-69.375
2966,-117.875
2967,230.75
2968,-67.625
2969,168.0
2970,202.875
2971,304.625
2972,235.125
2973,360.125
2974,541.5
2975,101.0
2976,207.875
2977,351.625
2978,312.25
2979,378.0
2980,272.25
2981,347.625
2982,296.375
2983,251.5
2984,23.875
2985,176.625
2986,336.375
2987,84.25
2988,465.125
2989,331.75
2990,296.875
2991,238.125
2992,203.125
2993,-27.75
2994,434.25
2995,98.875
2996,51.5
2997,269.375
2998,239.5
2999,479.375
3000,382.125
3001,255.25
3002,236.625
3003,216.875
3004,108.25
3005,32.125
3006,-59.25
3007,35.875
3008,-81.25
3009,444.5
3010,216.0
3011,298.875
3012,140.375
3013,99.25
3014,380.25
3015,270.25
3016,344.25
3017,8.75
3018,240.5
3019,116.625
3020,416.25
3021,-47.125
3022,252.0
3023,200.125
3024,349.625
3025,-181.5
3026,-31.875
3027,367.25
3028,188.375
3029,177.375
3030,322.125
3031,214.25
3032,-40.875
3033,338.875
3034,206.875
3035,418.25
3036,56.375
3037,212.5
3038,437.5
3039,78.875
3040,162.375
3041,-82.625
3042,11.75
3043,142.25
3044,37.5
3045,117.875
3046,169.25
3047,-56.625
3048,259.75
3049,409.125
3050,274.0
3051,79.5
3052,552.625
3053,103.375
3054,282.625
3055,-87.875
3056,159.875
3057,-101.125
3058,82.625
3059,198.25
3060,576.375
3061,329.125
3062,235.875
3063,-88.25
3064,408.75
3065,199.625
3066,321.5
3067,383.5
3068,217.25
3069,218.0
3070,-128.25
3071,325.75
3072,149.0
3073,382.375
3074,454.25
3075,130.25
3076,223.625
3077,246.125
3078,362.875
3079,260.625
3080,-117.875
3081,-40.25
3082,244.625
3083,328.5
3084,99.375
3085,101.5
3086,140.25
3087,569.625
3088,6.375
3089,116.625
3090,527.75
3091,16.875
3092,178.625
3093,356.125
3094,79.375
3095,166.875
3096,517.625
3097,398.625
3098,256.875
3099,301.75
3100,15.75
3101,313.0
3102,-73.0
3103,218.625
3104,488.75
3105,184.5
3106,235.625
3107,78.0
3108,-96.5
3109,11.625
3110,457.125
3111,279.125
3112,112.0
3113,458.25
3114,139.375
3115,163.625
3116,527.375
3117,29.625
3118,-134.25
3119,98.0
3120,205.875
3121,115.5
3122,-45.375
3123,200.375
3124,205.875
3125,448.0
3126,445.5
3127,156.5
3128,382.875
3129,83.5
3130,68.0
3131,272.0
3132,96.25
3133,61.5
3134,102.25
3135,424.875
3136,-125.125
3137,357.25
3138,206.75
3139,412.75
3140,-17.25
3141,256.875
3142,526.75
3143,207.25
3144,333.625
3145,250.875
3146,231.125
3147,260.75
3148,52.75
3149,420.625
3150,251.0
3151,73.75
3152,344.5
3153,213.375
3154,152.0
3155,52.125
3156,30.25
3157,127.0
3158,212.25
3159,-15.5
3160,429.25
3161,281.625
3162,244.0
3163,339.0
3164,59.5
3165,206.625
3166,271.875
3167,32.375
3168,-91.625
3169,205.375
3170,-28.25
3171,185.75
3172,23.5
3173,406.125
3174,37.75
3175,418.5
3176,-37.625
3177,124.875
3178,22.125
3179,37.25
3180,72.0
3181,265.125
3182,497.375
3183,138.25
3184,285.125
3185,253.375
3186,110.75
3187,351.625
3188,403.0
3189,80.0
3190,120.75
3191,103.75
3192,24.125
3193,172.5
3194,246.0
3195,-20.625
3196,226.25
3197,237.125
3198,152.625
3199,379.5
3200,232.625
3201,-9.0
3202,72.5
3203,387.0
3204,-9.75
3205,284.75
3206,211.5
3207,19.0
3208,109.875
3209,290.625
3210,201.75
3211,170.25
3212,-135.625
3213,276.5
3214,39.375
3215,226.0
3216,246.125
3217,149.375
3218,-61.375
3219,65.75
3220,213.0
3221,242.625
3222,-159.75
3223,88.0
3224,211.5
3225,121.125
3226,174.375
3227,169.125
3228,0.375
3229,86.5
3230,81.875
3231,-29.875
3232,121.0
3233,265.0
3234,216.75
3235,-3.375
3236,99.375
3237,105.125
3238,199.875
3239,32.625
3240,-50.5
3241,211.25
3242,93.125
3243,146.875
3244,463.875
3245,119.375
3246,315.0
3247,365.125
3248,195.5
3249,490.625
3250,138.625
3251,26.125
3252,167.625
3253,550.375
3254,133.75
3255,44.375
3256,-7.375
3257,229.625
3258,305.0
3259,322.875
3260,197.375
3261,116.5
3262,301.0
3263,234.125
3264,25.625
3265,-132.125
3266,326.125
3267,251.125
3268,-95.75
3269,433.375
3270,-128.25
3271,46.875
3272,181.75
3273,48.25
3274,143.625
3275,441.75
3276,139.625
3277,240.375
3278,153.0
3279,0.5
3280,64.0
3281,47.5
3282,246.375
3283,85.625
3284,39.25
3285,105.125
3286,91.5
3287,-93.5
3288,121.25
3289,257.5
3290,280.375
3291,290.125
3292,243.0
3293,211.125
3294,330.875
3295,366.125
3296,555.375
3297,305.375
3298,217.625
3299,282.25
3300,238.625
3301,246.625
3302,260.75
3303,18.125
3304,414.375
3305,385.375
3306,26.875
3307,331.5
3308,376.5
3309,107.5
3310,385.625
3311,128.875
3312,102.625
3313,236.625
3314,380.875
3315,170.625
3316,412.375
3317,102.5
3318,206.875
3319,195.875
3320,59.25
3321,275.875
3322,168.375
3323,111.25
3324,130.375
3325,467.625
3326,180.75
3327,-22.75
3328,75.75
3329,25.125
3330,170.875
3331,239.0
3332,-30.625
3333,-7.0
3334,151.0
3335,205.125
3336,417.375
3337,112.375
3338,2.875
3339,-78.625
3340,10.5
3341,94.125
3342,207.625
3343,75.5
3344,-112.375
3345,-39.25
3346,210.375
3347,-53.375
3348,403.75
3349,571.75
3350,57.375
3351,43.625
3352,213.75
3353,280.75
3354,343.875
3355,-61.25
3356,132.375
3357,14.25
3358,312.875
3359,234.75
3360,-46.25
3361,273.5
3362,50.75
3363,217.875
3364,228.25
3365,54.75
3366,263.25
3367,326.5
3368,222.75
3369,246.0
3370,185.75
3371,315.25
3372,157.125
3373,188.0
3374,570.5
3375,8.25
3376,-4.125
3377,-102.5
3378,182.375
3379,369.625
3380,-81.625
3381,288.0
3382,289.125
3383,82.25
3384,169.875
3385,216.375
3386,-128.25
3387,192.0
3388,134.125
3389,576.5
3390,-30.375
3391,458.5
3392,293.625
3393,175.25
3394,139.375
3395,-37.0
3396,245.5
3397,449.875
3398,239.375
3399,345.25
3400,222.625
3401,226.75
3402,343.0
3403,341.375
3404,410.875
3405,231.625
3406,-119.0
3407,8.625
3408,152.125
3409,-13.0
3410,259.5
3411,177.0
3412,42.25
3413,59.875
3414,115.5
3415,201.125
3416,595.875
3417,382.5
3418,323.375
3419,327.375
3420,56.5
3421,102.625
3422,112.625
3423,292.25
3424,182.875
3425,253.75
3426,347.375
3427,-38.0
3428,102.125
3429,283.875
3430,158.875
3431,275.75
3432,-50.0
3433,253.0
3434,4.0
3435,209.375
3436,165.75
3437,-3.5
3438,279.625
3439,221.0
3440,203.75
3441,71.5
3442,209.25
3443,472.25
3444,-91.0
3445,284.25
3446,-68.75
3447,218.625
3448,157.75
3449,318.625
3450,288.875
3451,92.75
3452,189.0
3453,-38.375
3454,94.375
3455,242.125
3456,83.25
3457,326.0
3458,231.5
3459,17.5
3460,279.875
3461,142.0
3462,172.375
3463,155.0
3464,374.875
3465,113.375
3466,-28.125
3467,-69.375
3468,296.875
3469,221.0
3470,229.75
3471,-86.75
3472,377.25
3473,129.5
3474,390.5
3475,243.125
3476,-52.5
3477,145.125
3478,186.875
3479,265.25
3480,343.625
3481,13.5
3482,-126.75
3483,330.875
3484,237.0
3485,191.625
3486,94.75
3487,115.125
3488,367.375
3489,21.875
3490,252.375
3491,-57.75
3492,48.875
3493,137.125
3494,-19.125
3495,155.5
3496,160.625
3497,-25.25
3498,29.125
3499,218.0
3500,298.875
3501,229.875
3502,87.625
3503,171.25
3504,292.0
3505,109.125
3506,409.375
3507,103.0
3508,248.25
3509,212.5
3510,-135.5
3511,209.375
3512,38.125
3513,359.25
3514,221.625
3515,113.25
3516,248.75
3517,329.0
3518,472.5
3519,44.0
3520,319.75
3521,57.625
3522,317.125
3523,-48.625
3524,215.375
3525,185.0
3526,383.25
3527,251.75
3528,0.25
3529,235.5
3530,223.0
3531,198.875
3532,212.625
3533,297.125
3534,93.125
3535,248.25
3536,323.125
3537,184.375
3538,215.25
3539,-3.375
3540,493.625
3541,86.625
3542,119.5
3543,347.75
3544,27.875
3545,-20.875
3546,163.25
3547,573.875
3548,-4.375
3549,21.5
3550,-108.0
3551,360.375
3552,122.125
3553,17.375
3554,343.875
3555,59.0
3556,201.875
3557,77.125
3558,-96.25
3559,456.25
3560,-48.25
3561,201.25
3562,-8.75
3563,357.125
3564,479.375
3565,54.875
3566,231.0
3567,323.625
3568,234.875
3569,-9.625
3570,303.5
3571,173.75
3572,178.375
3573,366.125
3574,457.875
3575,59.25
3576,29.125
3577,220.875
3578,327.75
3579,323.0
3580,244.125
3581,222.625
3582,268.75
3583,9.125
3584,598.0
3585,187.0
3586,35.25
3587,72.625
3588,163.5
3589,33.625
3590,17.25
3591,37.5
3592,-79.125
3593,170.125
3594,-19.25
3595,199.5
3596,-53.25
3597,105.875
3598,91.75
3599,299.0
3600,394.25
3601,364.25
3602,376.5
3603,213.75
3604,-18.875
3605,154.5
3606,421.375
3607,427.75
3608,153.5
3609,-99.625
3610,553.375
3611,379.75
3612,162.25
3613,206.375
3614,150.125
3615,572.5
3616,351.625
3617,230.5
3618,62.375
3619,53.875
3620,124.125
3621,276.0
3622,-60.875
3623,-21.375
3624,26.5
3625,234.25
3626,60.25
3627,206.875
3628,180.25
3629,208.875
3630,163.0
3631,402.0
3632,284.25
3633,70.5
3634,29.75
3635,534.25
3636,232.25
3637,-43.25
3638,149.375
3639,309.5
3640,187.5
3641,82.25
3642,223.75
3643,182.5
3644,241.0
3645,500.875
3646,328.375
3647,95.25
3648,254.375
3649,431.25
3650,243.0
3651,172.75
3652,98.625
3653,188.875
3654,146.25
3655,255.375
3656,-80.0
3657,65.125
3658,280.25
3659,5.5
3660,310.625
3661,-0.625
3662,-15.125
3663,106.375
3664,507.125
3665,-131.25
3666,220.875
3667,12.25
3668,66.0
3669,234.375
3670,382.125
3671,84.0
3672,157.875
3673,-191.75
3674,130.625
3675,157.875
3676,283.875
3677,113.375
3678,57.625
3679,231.5
3680,-74.625
3681,218.375
3682,-34.875
3683,237.125
3684,113.875
3685,296.625
3686,27.875
3687,263.375
3688,212.375
3689,282.375
3690,93.125
3691,203.0
3692,142.75
3693,462.0
3694,251.75
3695,173.375
3696,393.75
3697,206.25
3698,477.375
3699,94.125
3700,34.0
3701,-19.375
3702,334.5
3703,-82.75
3704,392.625
3705,-43.75
3706,-17.375
3707,429.875
3708,184.375
3709,-106.875
3710,76.25
3711,273.0
3712,22.375
3713,576.25
3714,358.5
3715,292.25
3716,54.75
3717,171.125
3718,98.625
3719,-78.75
3720,142.5
3721,185.0
3722,330.125
3723,248.125
3724,286.0
3725,191.75
3726,110.75
3727,383.625
3728,136.75
3729,342.125
3730,384.875
3731,73.625
3732,365.875
3733,140.5
3734,-15.375
3735,402.875
3736,-34.375
3737,157.25
3738,306.25
3739,66.625
3740,203.625
3741,93.375
3742,59.625
3743,164.0
3744,133.25
3745,322.875
3746,363.125
3747,-45.5
3748,85.25
3749,209.875
3750,269.125
3751,51.625
3752,100.125
3753,131.0
3754,12.125
3755,125.375
3756,397.25
3757,93.375
3758,369.75
3759,241.25
3760,168.0
3761,308.875
3762,292.75
3763,10.625
3764,368.0
3765,69.625
3766,110.375
3767,103.75
3768,325.125
3769,156.0
3770,241.625
3771,61.625
3772,-50.0
3773,112.0
3774,-109.125
3775,181.875
3776,-93.125
3777,-93.375
3778,349.5
3779,135.25
3780,-21.75
3781,375.625
3782,144.75
3783,368.125
3784,82.75
3785,211.25
3786,220.5
3787,133.875
3788,367.5
3789,152.0
3790,159.875
3791,364.875
3792,322.75
3793,270.875
3794,-27.125
3795,41.25
3796,-46.125
3797,74.5
3798,479.25
3799,356.125
3800,58.125
3801,261.625
3802,95.625
3803,268.75
3804,-25.5
3805,338.0
3806,86.5
3807,305.625
3808,582.75
3809,83.25
3810,336.5
3811,87.375
3812,139.25
3813,85.875
3814,13.75
3815,130.25
3816,-4.75
3817,-30.625
3818,130.5
3819,38.25
3820,157.375
3821,153.0
3822,219.25
3823,262.0
3824,357.5
3825,236.25
3826,390.625
3827,352.875
3828,559.375
3829,290.375
3830,63.25
3831,220.625
3832,287.5
3833,185.75
3834,158.625
3835,25.625
3836,300.5
3837,39.0
3838,576.375
3839,128.0
3840,48.125
3841,327.625
3842,41.0
3843,312.125
3844,362.75
3845,156.0
3846,7.625
3847,165.875
3848,443.125
3849,363.75
3850,263.125
3851,398.0
3852,125.125
3853,99.375
3854,106.0
3855,379.125
3856,425.625
3857,115.625
3858,537.375
3859,289.75
3860,154.75
3861,316.0
3862,389.125
3863,563.375
3864,75.25
3865,-21.5
3866,287.5
3867,152.875
3868,369.25
3869,171.5
3870,81.625
3871,191.875
3872,213.5
3873,194.5
3874,181.75
3875,258.625
3876,104.375
3877,10.5
3878,448.75
3879,389.75
3880,408.25
3881,-168.0
3882,301.75
3883,67.125
3884,326.875
3885,-83.125
3886,456.875
3887,133.125
3888,320.375
3889,1.5
3890,234.875
3891,191.375
3892,269.875
3893,137.125
3894,57.875
3895,-35.875
3896,129.25
3897,144.0
3898,184.0
3899,194.125
3900,134.75
3901,448.125
3902,467.625
3903,309.75
3904,103.5
3905,176.625
3906,-118.75
3907,75.25
3908,280.25
3909,81.375
3910,304.25
3911,63.0
3912,178.125
3913,453.75
3914,428.375
3915,103.75
3916,31.5
3917,467.875
3918,96.0
3919,183.375
3920,170.625
3921,120.125
3922,196.625
3923,-32.375
3924,351.75
3925,169.5
3926,249.375
3927,250.5
3928,196.75
3929,474.25
3930,191.25
3931,231.875
3932,319.625
3933,112.75
3934,58.375
3935,81.0
3936,196.625
3937,229.0
3938,113.625
3939,390.375
3940,151.25
3941,180.625
3942,459.875
3943,209.0
3944,247.375
3945,407.25
3946,24.25
3947,285.75
3948,81.875
3949,314.625
3950,64.375
3951,261.375
3952,-63.625
3953,30.625
3954,-112.625
3955,346.875
3956,204.75
3957,321.25
3958,17.25
3959,79.0
3960,253.625
3961,300.5
3962,197.75
3963,-56.125
3964,131.875
3965,-11.75
3966,564.0
3967,417.5
3968,290.75
3969,13.625
3970,260.875
3971,298.875
3972,9.0
3973,495.375
3974,261.0
3975,136.125
3976,281.375
3977,265.375
3978,165.25
3979,275.0
3980,234.125
3981,34.75
3982,261.5
3983,223.375
3984,162.625
3985,-51.125
3986,354.125
3987,15.875
3988,13.75
3989,47.125
3990,138.25
3991,190.125
3992,151.625
3993,364.25
3994,179.75
3995,482.125
3996,14.75
3997,93.625
3998,9.875
3999,170.625
4000,190.125
4001,325.125
4002,314.625
4003,61.375
4004,205.75
4005,581.0
4006,20.75
4007,267.375
4008,384.875
4009,275.875
4010,377.875
4011,280.75
4012,393.875
4013,138.75
4014,181.0
4015,219.125
4016,365.75
4017,-57.0
4018,69.875
4019,319.625
4020,310.75
4021,104.375
4022,288.125
4023,324.25
4024,180.25
4025,156.25
4026,114.125
4027,276.625
4028,170.5
4029,346.75
4030,53.75
4031,367.125
4032,60.5
4033,360.875
4034,274.75
4035,-9.0
4036,321.875
4037,284.375
4038,440.75
4039,121.375
4040,209.75
4041,175.5
4042,26.625
4043,367.875
4044,184.875
4045,198.875
4046,350.0
4047,434.375
4048,18.875
4049,-67.25
4050,352.625
4051,281.625
4052,318.875
4053,99.25
4054,310.5
4055,250.125
4056,322.5
4057,80.0
4058,155.0
4059,212.125
4060,117.75
4061,55.75
4062,273.0
4063,219.375
4064,-58.75
4065,329.875
4066,428.875
4067,156.5
4068,360.875
4069,-22.0
4070,570.125
4071,276.5
4072,69.375
4073,315.0
4074,37.0
4075,232.625
4076,399.75
4077,340.25
4078,464.25
4079,305.125
4080,254.75
4081,263.375
4082,441.125
4083,44.75
4084,-116.5
4085,35.375
4086,106.125
4087,46.0
4088,4.875
4089,311.375
4090,461.0
4091,353.375
4092,-37.25
4093,274.125
4094,442.125
4095,428.125
4096,206.5
4097,117.0
4098,146.5
4099,470.375
4100,469.0
4101,242.625
4102,241.375
4103,79.625
4104,-65.75
4105,317.875
4106,58.75
4107,25.0
4108,47.0
4109,359.75
4110,614.5
4111,80.625
4112,17.875
4113,31.125
4114,212.875
4115,-118.625
4116,419.25
4117,323.875
4118,396.5
4119,182.25
4120,137.75
4121,201.375
4122,360.125
4123,238.875
4124,227.25
4125,294.25
4126,-36.625
4127,123.0
4128,64.875
4129,322.0
4130,109.0
4131,151.875
4132,106.5
4133,339.125
4134,168.875
4135,345.0
4136,305.625
4137,104.0
4138,93.5
4139,117.75
4140,50.5
4141,50.25
4142,102.75
4143,223.125
4144,293.25
4145,-107.375
4146,201.25
4147,151.375
4148,325.375
4149,229.875
4150,227.25
4151,21.25
4152,91.25
4153,412.125
4154,432.875
4155,219.25
4156,241.375
4157,130.75
4158,8.0
4159,38.625
4160,512.75
4161,140.5
4162,386.875
4163,276.25
4164,211.875
4165,105.5
4166,194.375
4167,290.5
4168,222.375
4169,201.0
4170,150.875
4171,111.0
4172,247.5
4173,-65.125
4174,357.875
4175,20.0
4176,595.75
4177,287.125
4178,216.75
4179,56.125
4180,173.5
4181,293.375
4182,57.5
4183,227.125
4184,43.625
4185,57.125
4186,239.625
4187,335.0
4188,368.625
4189,254.5
4190,264.75
4191,352.125
4192,2.25
4193,92.875
4194,206.5
4195,141.125
4196,17.5
4197,260.875
4198,128.0
4199,154.0
4200,37.25
4201,-108.125
4202,331.625
4203,139.0
4204,351.875
4205,228.0
4206,-1.0
4207,162.5
4208,111.0
4209,-75.0
4210,293.125
4211,190.375
4212,18.25
4213,128.0
4214,128.625
4215,-12.875
4216,323.5
4217,236.375
4218,72.625
4219,313.875
4220,353.75
4221,614.375
4222,175.0
4223,128.875
4224,336.375
4225,69.25
4226,18.0
4227,171.625
4228,289.5
4229,50.75
4230,12.625
4231,73.375
4232,450.375
4233,6.25
4234,348.125
4235,203.125
4236,8.25
4237,-79.125
4238,113.0
4239,237.25
4240,5.625
4241,101.875
4242,12.375
4243,159.0
4244,536.0
4245,-29.25
4246,211.875
4247,254.5
4248,34.375
4249,173.125
4250,-35.375
4251,112.25
4252,284.125
4253,156.0
4254,236.375
4255,78.125
4256,75.5
4257,442.625
4258,212.625
4259,379.5
4260,102.875
4261,196.875
4262,61.25
4263,117.0
4264,480.0
4265,115.25
4266,195.375
4267,86.875
4268,140.125
4269,477.625
4270,206.0
4271,137.0
4272,17.125
4273,313.0
4274,77.375
4275,159.125
4276,-8.0
4277,220.125
4278,-96.5
4279,79.625
4280,421.375
4281,278.125
4282,169.5
4283,4.875
4284,33.0
4285,61.0
4286,239.25
4287,428.75
4288,165.375
4289,133.0
4290,15.125
4291,333.375
4292,433.75
4293,300.25
4294,219.875
4295,422.25
4296,195.875
4297,117.625
4298,-20.625
4299,323.875
4300,352.5
4301,415.75
4302,51.875
4303,37.75
4304,192.5
4305,259.875
4306,34.375
4307,66.5
4308,210.375
4309,170.75
4310,230.75
4311,168.625
4312,469.375
4313,428.375
4314,193.5
4315,-29.875
4316,462.5
4317,102.625
4318,228.875
4319,7.875
4320,27.0
4321,419.0
4322,98.375
4323,-7.5
4324,78.125
4325,201.5
4326,-5.5
4327,551.5
4328,82.5
4329,-1.625
4330,520.125
4331,5.875
4332,349.375
4333,20.75
4334,114.75
4335,115.25
4336,-0.375
4337,338.625
4338,406.5
4339,549.625
4340,224.25
4341,61.875
4342,449.75
4343,37.125
4344,134.625
4345,18.25
4346,339.0
4347,313.75
4348,139.875
4349,7.75
4350,170.75
4351,401.75
4352,-121.5
4353,301.75
4354,178.0
4355,199.875
4356,84.125
4357,207.375
4358,10.25
4359,314.5
4360,127.5
4361,113.875
4362,211.25
4363,45.125
4364,3.0
4365,64.0
4366,252.75
4367,105.875
4368,-3.75
4369,435.125
4370,477.375
4371,230.5
4372,182.0
4373,79.5
4374,50.25
4375,2.75
4376,42.875
4377,189.0
4378,34.25
4379,53.125
4380,286.75
4381,109.875
4382,221.25
4383,297.75
4384,204.625
4385,162.375
4386,190.625
4387,153.0
4388,169.75
4389,-60.125
4390,338.75
4391,277.625
4392,31.5
4393,196.0
4394,143.375
4395,-5.125
4396,248.125
4397,80.125
4398,103.875
4399,-2.375
4400,372.625
4401,55.25
4402,407.75
4403,8.375
4404,138.0
4405,132.375
4406,160.625
4407,182.75
4408,210.125
4409,219.25
4410,164.0
4411,258.75
4412,338.0
4413,124.625
4414,-8.625
4415,228.5
4416,101.875
4417,469.125
4418,235.625
4419,223.25
4420,335.875
4421,575.125
4422,54.875
4423,462.75
4424,237.75
4425,-12.125
4426,-57.125
4427,46.375
4428,43.0
4429,268.75
4430,189.5
4431,416.375
4432,59.375
4433,-1.875
4434,498.0
4435,172.625
4436,79.5
4437,100.375
4438,270.5
4439,13.25
4440,372.625
4441,205.375
4442,317.75
4443,312.875
4444,13.875
4445,291.625
4446,99.5
4447,223.5
4448,53.375
4449,-0.625
4450,113.5
4451,287.375
4452,122.375
4453,172.5
4454,90.625
4455,329.625
4456,148.0
4457,-25.75
4458,51.875
4459,264.75
4460,180.375
4461,556.5
4462,37.25
4463,98.375
4464,23.125
4465,317.375
4466,87.0
4467,222.0
4468,236.125
4469,67.25
4470,151.0
4471,186.5
4472,-78.875
4473,100.5
4474,-14.5
4475,53.125
4476,231.0
4477,420.75
4478,75.375
4479,22.75
4480,-66.625
4481,141.0
4482,311.0
4483,367.375
4484,19.75
4485,12.625
4486,99.75
4487,331.625
4488,40.5
4489,-34.375
4490,457.625
4491,287.0
4492,110.125
4493,3.25
4494,164.25
4495,430.875
4496,156.375
4497,239.5
4498,115.625
4499,269.0
4500,355.5
4501,321.875
4502,355.75
4503,340.25
4504,310.25
4505,195.125
4506,215.875
4507,-4.125
4508,249.625
4509,271.75
4510,521.375
4511,333.5
4512,254.625
4513,-40.0
4514,18.5
4515,288.25
4516,319.375
4517,195.75
4518,121.5
4519,96.75
4520,84.125
4521,122.625
4522,221.5
4523,163.125
4524,381.125
4525,585.625
4526,-131.125
4527,-79.25
4528,279.5
4529,203.5
4530,159.75
4531,101.0
4532,58.25
4533,102.875
4534,407.625
4535,2.5
4536,93.375
4537,241.625
4538,230.75
4539,-2.375
4540,122.375
4541,296.5
4542,177.875
4543,290.375
4544,-45.625
4545,348.625
4546,152.25
4547,174.5
4548,246.125
4549,156.25
4550,130.5
4551,105.25
4552,308.375
4553,41.875
4554,322.125
4555,47.875
4556,486.375
4557,269.625
4558,244.625
4559,-75.25
4560,200.75
4561,85.125
4562,56.125
4563,346.75
4564,321.25
4565,70.0
4566,60.875
4567,202.75
4568,52.75
4569,-97.5
4570,30.75
4571,88.875
4572,394.125
4573,295.0
4574,310.25
4575,362.0
4576,248.875
4577,296.625
4578,358.75
4579,164.0
4580,206.625
4581,318.875
4582,122.5
4583,157.625
4584,462.875
4585,266.375
4586,82.125
4587,66.25
4588,2.125
4589,206.5
4590,80.25
4591,246.125
4592,431.5
4593,79.125
4594,53.125
4595,516.375
4596,396.5
4597,33.5
4598,347.125
4599,51.625
4600,37.0
4601,93.0
4602,325.75
4603,316.5
4604,-59.625
4605,12.0
4606,92.75
4607,340.625
4608,331.125
4609,285.5
4610,404.375
4611,267.375
4612,363.25
4613,136.375
4614,150.375
4615,157.625
4616,-64.125
4617,162.875
4618,-91.75
4619,11.875
4620,170.875
4621,102.75
4622,222.0
4623,13.5
4624,275.625
4625,68.125
4626,65.875
4627,301.875
4628,3.875
4629,0.625
4630,133.25
4631,233.25
4632,356.875
4633,273.75
4634,263.125
4635,-47.5
4636,225.0
4637,306.125
4638,240.25
4639,-58.875
4640,226.75
4641,275.75
4642,22.125
4643,99.0
4644,130.5
4645,105.625
4646,147.125
4647,420.375
4648,270.25
4649,395.625
4650,230.5
4651,408.5
4652,174.375
4653,230.875
4654,15.25
4655,90.875
4656,88.25
4657,-102.625
4658,182.625
4659,243.625
4660,39.5
4661,357.625
4662,-116.875
4663,116.875
4664,359.125
4665,346.0
4666,388.75
4667,120.625
4668,164.25
4669,-96.875
4670,102.75
4671,349.125
4672,205.875
4673,195.125
4674,73.0
4675,214.75
4676,48.25
4677,214.5
4678,73.5
4679,274.375
4680,415.125
4681,414.5
4682,437.875
4683,157.75
4684,172.875
4685,219.0
4686,287.875
4687,258.0
4688,107.375
4689,557.5
4690,50.0
4691,143.0
4692,379.625
4693,41.875
4694,215.0
4695,397.125
4696,361.875
4697,91.25
4698,160.375
4699,-121.875
4700,260.5
4701,3.5
4702,565.25
4703,321.375
4704,304.0
4705,66.125
4706,566.25
4707,327.25
4708,43.0
4709,168.125
4710,-23.0
4711,277.125
4712,296.75
4713,51.5
4714,272.5
4715,481.875
4716,14.5
4717,318.125
4718,170.375
4719,132.25
4720,174.25
4721,83.625
4722,38.0
4723,60.875
4724,-123.875
4725,302.5
4726,117.375
4727,401.75
4728,59.5
4729,182.875
4730,584.875
4731,283.875
4732,125.5
4733,174.875
4734,31.5
4735,344.0
4736,182.5
4737,-39.375
4738,61.875
4739,309.25
4740,46.875
4741,196.5
4742,141.625
4743,62.25
4744,234.0
4745,313.375
4746,256.375
4747,220.375
4748,-25.0
4749,102.125
4750,392.375
4751,229.5
4752,129.75
4753,137.0
4754,43.5
4755,527.125
4756,350.75
4757,240.0
4758,336.75
4759,-79.75
4760,380.375
4761,183.625
4762,352.5
4763,174.625
4764,186.5
4765,-42.625
4766,240.5
4767,60.75
4768,252.125
4769,4.25
4770,276.875
4771,350.375
4772,250.875
4773,115.0
4774,309.5
4775,77.5
4776,336.0
4777,309.5
4778,284.5
4779,570.25
4780,-188.25
4781,117.875
4782,271.625
4783,244.625
4784,243.25
4785,224.625
4786,73.375
4787,261.875
4788,77.5
4789,202.5
4790,230.875
4791,340.375
4792,331.875
4793,99.5
4794,160.375
4795,326.875
4796,185.875
4797,415.0
4798,76.75
4799,136.375
4800,156.125
4801,208.0
4802,147.375
4803,117.5
4804,214.875
4805,572.25
4806,55.125
4807,309.875
4808,349.875
4809,-1.5
4810,356.375
4811,251.5
4812,155.25
4813,259.0
4814,425.5
4815,223.25
4816,223.625
4817,288.0
4818,322.5
4819,400.5
4820,357.125
4821,359.125
4822,380.875
4823,433.375
4824,35.5
4825,449.75
4826,97.375
4827,182.875
4828,139.875
4829,360.5
4830,470.375
4831,0.625
4832,58.375
4833,128.75
4834,91.5
4835,92.0
4836,137.0
4837,122.0
4838,-157.625
4839,-62.875
4840,77.875
4841,83.125
4842,385.0
4843,111.125
4844,-11.375
4845,168.0
4846,148.375
4847,179.75
4848,140.0
4849,468.875
4850,434.875
4851,339.375
4852,355.375
4853,169.5
4854,537.0
4855,369.875
4856,339.0
4857,204.75
4858,163.25
4859,244.875
4860,114.625
4861,-9.5
4862,-23.875
4863,198.625
4864,28.0
4865,258.0
4866,-21.875
4867,334.0
4868,220.625
4869,103.0
4870,398.5
4871,-0.625
4872,345.625
4873,138.25
4874,46.0
4875,241.75
4876,94.875
4877,243.125
4878,1.0
4879,90.0
4880,106.625
4881,122.5
4882,309.75
4883,3.875
4884,105.0
4885,279.0
4886,31.625
4887,266.625
4888,235.125
4889,38.125
4890,33.75
4891,149.375
4892,74.0
4893,138.75
4894,-64.375
4895,134.0
4896,0.625
4897,295.125
4898,-5.25
4899,256.125
4900,170.75
4901,161.375
4902,149.625
4903,200.5
4904,178.125
4905,240.625
4906,220.25
4907,390.375
4908,133.25
4909,278.625
4910,124.625
4911,-14.625
4912,-12.625
4913,361.375
4914,290.375
4915,424.875
4916,89.375
4917,-129.125
4918,123.125
4919,133.75
4920,486.0
4921,-24.625
4922,134.25
4923,172.25
4924,43.625
4925,238.25
4926,368.75
4927,229.625
4928,342.875
4929,-0.625
4930,174.875
4931,245.125
4932,367.875
4933,318.125
4934,10.375
4935,66.125
4936,371.5
4937,345.25
4938,-29.875
4939,284.625
4940,260.0
4941,219.375
4942,-94.25
4943,80.0
4944,330.5
4945,340.125
4946,272.375
4947,168.625
4948,-8.75
4949,-73.25
4950,141.125
4951,411.875
4952,-62.25
4953,131.25
4954,-6.5
4955,248.0
4956,238.125
4957,16.875
4958,175.5
4959,197.25
4960,521.875
4961,195.875
4962,32.375
4963,264.0
4964,334.25
4965,367.375
4966,63.25
4967,249.25
4968,374.25
4969,159.625
4970,369.0
4971,56.0
4972,141.75
4973,203.625
4974,74.125
4975,291.375
4976,186.375
4977,274.25
4978,444.25
4979,269.875
4980,10.0
4981,17.625
4982,108.125
4983,333.625
4984,178.0
4985,522.0
4986,234.5
4987,-100.25
4988,6.375
4989,408.125
4990,237.875
4991,187.125
4992,445.375
4993,187.375
4994,101.0
4995,159.375
4996,-36.125
4997,319.25
4998,133.5
4999,139.25
5000,292.75
5001,80.875
5002,421.875
5003,-119.125
5004,-1.375
5005,96.125
5006,60.25
5007,210.125
5008,334.375
5009,-42.375
5010,311.5
5011,118.0
5012,-12.875
5013,507.5
5014,158.5
5015,260.875
5016,125.75
5017,165.875
5018,278.625
5019,201.375
5020,554.625
5021,268.5
5022,-163.5
5023,289.625
5024,29.0
5025,356.0
5026,386.375
5027,202.75
5028,57.0
5029,229.625
5030,157.125
5031,192.0
5032,108.25
5033,310.25
5034,227.5
5035,132.875
5036,230.75
5037,215.25
5038,320.125
5039,531.125
5040,113.0
5041,389.125
5042,360.625
5043,273.25
5044,76.625
5045,483.5
5046,58.75
5047,167.25
5048,75.875
5049,74.5
5050,263.125
5051,105.5
5052,283.5
5053,-47.75
5054,137.625
5055,174.25
5056,245.375
5057,217.375
5058,135.625
5059,174.25
5060,303.5
5061,422.0
5062,96.25
5063,408.25
5064,196.625
5065,133.125
5066,349.75
5067,565.5
5068,132.125
5069,394.5
5070,167.25
5071,156.375
5072,86.125
5073,61.5
5074,593.125
5075,350.375
5076,78.75
5077,140.75
5078,263.5
5079,253.5
5080,-12.5
5081,296.125
5082,127.5
5083,81.0
5084,353.5
5085,68.875
5086,245.75
5087,155.5
5088,333.625
5089,264.5
5090,470.875
5091,205.625
5092,233.125
5093,68.625
5094,197.75
5095,207.125
5096,-11.125
5097,240.625
5098,400.375
5099,287.125
5100,74.5
5101,272.75
5102,227.5
5103,298.375
5104,233.75
5105,-28.625
5106,230.625
5107,189.125
5108,297.375
5109,157.25
5110,-102.5
5111,353.0
5112,416.375
5113,412.75
5114,468.625
5115,126.25
5116,263.125
5117,-60.375
5118,277.5
5119,305.625
5120,199.75
5121,-30.5
5122,178.875
5123,331.0
5124,331.375
5125,159.25
5126,68.25
5127,271.875
5128,49.5
5129,96.5
5130,175.625
5131,84.625
5132,300.125
5133,-4.0
5134,96.75
5135,90.5
5136,220.0
5137,270.125
5138,82.875
5139,162.125
5140,218.25
5141,89.5
5142,87.75
5143,356.375
5144,288.875
5145,118.625
5146,372.875
5147,-0.375
5148,101.25
5149,234.0
5150,253.0
5151,208.0
5152,294.5
5153,48.75
5154,153.75
5155,429.375
5156,150.5
5157,184.25
5158,251.125
5159,134.75
5160,447.375
5161,364.0
5162,242.0
5163,15.0
5164,461.5
5165,341.5
5166,315.375
5167,26.125
5168,281.125
5169,-42.0
5170,378.0
5171,88.625
5172,521.875
5173,162.5
5174,190.0
5175,439.125
5176,4.25
5177,101.125
5178,516.375
5179,161.125
5180,368.875
5181,-26.5
5182,105.25
5183,197.5
5184,145.875
5185,206.75
5186,93.0
5187,332.5
5188,184.5
5189,50.5
5190,252.0
5191,116.25
5192,352.875
5193,229.0
5194,268.5
5195,91.625
5196,320.875
5197,318.125
5198,182.125
5199,319.5
5200,-25.375
5201,272.125
5202,165.375
5203,324.375
5204,-104.125
5205,551.875
5206,116.125
5207,232.5
5208,329.125
5209,230.375
5210,40.25
5211,119.25
5212,135.625
5213,576.25
